Date,Open,High,Low,Close,Volume,SMA_20,EMA_20,MACD,RSI_14,Momentum_10,Bollinger_Upper,Bollinger_Lower,ATR_14,Volume_MA_20,OBV,Lag_1,Lag_5,Lag_10
2023-08-14,1.55,1.55,1.44,1.51,50591.0,1.658,1.6239080285757248,-0.042026441259384484,31.999999402666674,-0.24,1.8817103390312426,1.4342896609687572,0.14928571428571433,47051.05,-156704.0,1.51,1.59,1.75
2023-08-15,1.46,1.5398,1.448,1.53,48466.0,1.6469999999999998,1.6149644068066082,-0.04106065852613683,37.68115865574461,-0.1299999999999999,1.8732834738250135,1.4207165261749861,0.14620000000000005,49253.0,-108238.0,1.51,1.5,1.66
2023-08-16,1.59,1.65,1.33,1.46,53265.0,1.6335000000000002,1.6002058918726456,-0.04451902605484426,27.536231325351835,-0.17999999999999994,1.870878223627677,1.3961217763723233,0.1612,51809.4,-161503.0,1.53,1.49,1.64
2023-08-17,1.46,1.46,1.37,1.45,52018.0,1.623,1.5859005688371555,-0.04735275332466804,30.158729488536167,-0.15000000000000013,1.8736496821420177,1.3723503178579823,0.15690714285714286,53475.55,-213521.0,1.46,1.49,1.6
2023-08-18,1.4,1.48,1.37,1.43,81220.0,1.6035,1.5710528956145693,-0.05036966982924662,23.33333278888888,-0.27,1.8502707224807755,1.3567292775192243,0.15869285714285716,53219.1,-294741.0,1.45,1.51,1.7
2023-08-21,1.36,1.429,1.36,1.41,36346.0,1.5835000000000001,1.5557145246036579,-0.05351358497051728,26.41509364186544,-0.18000000000000016,1.824574349745598,1.3424256502544023,0.15576428571428572,54026.85,-331087.0,1.43,1.51,1.59
2023-08-22,1.48,1.48,1.3801,1.43,8291.0,1.566,1.5437417127366428,-0.053929496394217624,30.18867844784623,-0.07000000000000006,1.7976440099990083,1.3343559900009918,0.1436142857142857,53357.55,-322796.0,1.41,1.53,1.5
2023-08-23,1.35,1.4,1.35,1.39,24404.0,1.5505,1.5290996448569625,-0.05645865740653844,30.188678447846215,-0.10000000000000009,1.7858474475167112,1.3151525524832888,0.13790714285714284,53752.45,-347200.0,1.43,1.46,1.49
2023-08-24,1.355,1.44,1.34,1.38,94018.0,1.5310000000000001,1.514899678680109,-0.05848771731584579,13.636363202479359,-0.1100000000000001,1.7540789333987306,1.3079210666012697,0.13362142857142853,56571.95,-441218.0,1.39,1.45,1.49
2023-08-25,1.4,1.44,1.34,1.37,28206.0,1.5145,1.5010997092820033,-0.060111548913999835,17.647058096885857,-0.1399999999999999,1.7337307124085428,1.295269287591457,0.12862142857142853,55035.2,-469424.0,1.38,1.43,1.51
2023-08-28,1.42,1.42,1.33,1.37,5151.0,1.4955,1.4886140226837172,-0.06068153615579419,23.999998656000102,-0.1399999999999999,1.693646676134517,1.297353323865483,0.1279071428571428,52862.75,-469424.0,1.37,1.41,1.51
2023-08-29,1.42,1.42,1.31,1.33,27665.0,1.479,1.473507925285268,-0.06334914073710896,21.42857035714293,-0.19999999999999996,1.674410499098421,1.2835895009015792,0.12004999999999992,52821.2,-497089.0,1.37,1.43,1.53
2023-08-30,1.35,1.3895,1.34,1.36,12326.0,1.465,1.462697646686671,-0.062492317555358445,29.032256753381986,-0.09999999999999987,1.6517731525843984,1.2782268474156018,0.10644285714285706,46649.75,-484763.0,1.33,1.39,1.46
2023-08-31,1.35,1.37,1.3,1.32,20033.0,1.451,1.4491073946212738,-0.06406273675736962,21.212120312213088,-0.1299999999999999,1.6371408634680484,1.2648591365319517,0.10429999999999992,46724.65,-504796.0,1.36,1.38,1.45
2023-09-01,1.31,1.378,1.31,1.37,7602.0,1.4345,1.4415733570382954,-0.060828308362052885,31.57894620498621,-0.05999999999999983,1.58225156958824,1.2867484304117602,0.1012999999999999,41421.9,-497194.0,1.32,1.37,1.43
2023-09-05,1.42,1.42,1.33,1.38,29986.0,1.424,1.4357092277965529,-0.056849319531107945,29.729728604821062,-0.030000000000000027,1.5540040485199513,1.2939959514800485,0.10117142857142845,41102.55,-467208.0,1.37,1.37,1.41
2023-09-06,1.41,1.41,1.31,1.35,11668.0,1.4164999999999999,1.4275464441968813,-0.05533831856378901,33.33333191919199,-0.07999999999999985,1.5453450722052566,1.287654927794743,0.08545714285714275,39945.65,-478876.0,1.38,1.33,1.43
2023-09-07,1.34,1.3538,1.27,1.3,19496.0,1.407,1.4153991637971783,-0.0572961211445806,29.729728604821076,-0.08999999999999986,1.5409442146252603,1.2730557853747397,0.0850142857142856,36375.7,-498372.0,1.35,1.36,1.39
2023-09-08,1.31,1.31,1.25,1.27,28185.0,1.396,1.4015516243879234,-0.060444674894834405,28.947367354570673,-0.10999999999999988,1.5371829719865187,1.2548170280134812,0.08144285714285704,33950.3,-526557.0,1.3,1.32,1.38
2023-09-11,1.26,1.31,1.23,1.29,55475.0,1.3850000000000002,1.390927660160502,-0.06069197781673785,34.2105250554017,-0.08000000000000007,1.5230312702938944,1.246968729706106,0.08222857142857133,34720.6,-471082.0,1.27,1.37,1.37
2023-09-12,1.34,1.34,1.24,1.25,36017.0,1.372,1.3775059782404542,-0.06324450318536723,27.499999037500032,-0.1200000000000001,1.5094351521723253,1.234564847827675,0.0822357142857142,33991.9,-507099.0,1.29,1.38,1.37
2023-09-13,1.24,1.24,1.21,1.2289,4074.0,1.356945,1.3633530279318395,-0.0661341138644167,28.86381421124797,-0.10109999999999997,1.4872891190404063,1.2266008809595939,0.08080714285714279,31772.3,-511173.0,1.25,1.35,1.33
2023-09-14,1.24,1.2424,1.2,1.2,21926.0,1.3439450000000002,1.3477955967002357,-0.06985946186146363,27.499999037500032,-0.16000000000000014,1.482609266637457,1.2052807333625433,0.07669285714285709,30205.35,-533099.0,1.2289,1.3,1.36
2023-09-15,1.24,1.24,1.12,1.18,60011.0,1.3304449999999999,1.3318150636811656,-0.073517140612396,26.829267376561575,-0.14000000000000012,1.4779272019592034,1.1829627980407964,0.07812142857142852,30605.0,-593110.0,1.2,1.27,1.32
2023-09-18,1.18,1.19,1.16,1.16,9988.0,1.316945,1.3154517242829593,-0.0770844523253833,25.58139451595457,-0.2100000000000002,1.4751005193971678,1.1587894806028323,0.07383571428571424,27043.4,-603098.0,1.18,1.29,1.37
2023-09-19,1.17,1.17,1.15,1.16,16056.0,1.3044449999999999,1.3006467981607728,-0.07899514160711707,28.20512719263644,-0.21999999999999997,1.4709319519148365,1.1379580480851632,0.06740714285714282,26028.9,-603098.0,1.16,1.25,1.38
2023-09-20,1.18,1.225,1.15,1.17,12781.0,1.291445,1.288204245954985,-0.07881087018136568,24.32432340394449,-0.18000000000000016,1.4572549416103886,1.1256350583896113,0.06922857142857142,26253.4,-590317.0,1.16,1.2289,1.35
2023-09-21,1.152,1.1527,1.1,1.1101,48198.0,1.2774500000000002,1.271241936816415,-0.08242424891554267,23.08284092546863,-0.18989999999999996,1.4550641115778173,1.099835888422183,0.06799285714285712,27443.1,-638515.0,1.17,1.2,1.3
2023-09-22,1.1,1.16,1.1,1.11,10752.0,1.26395,1.2558855618815183,-0.0843190523039925,11.764705397923848,-0.15999999999999992,1.449606825465975,1.0782931745340247,0.06742142857142855,23279.8,-649267.0,1.1101,1.18,1.27
2023-09-25,1.1,1.18,1.1,1.14,15390.0,1.25245,1.244848841702326,-0.08249673387374323,16.666666018518512,-0.15000000000000013,1.4389395481761529,1.0659604518238472,0.06670714285714284,22639.0,-633877.0,1.11,1.16,1.29
2023-09-26,1.11,1.17,1.11,1.12,4953.0,1.2399499999999999,1.232958475825914,-0.08169020795269177,17.14285645714284,-0.1299999999999999,1.426777908430243,1.0531220915697568,0.06384999999999998,22629.1,-638830.0,1.14,1.16,1.25
2023-09-27,1.35,1.38,1.22,1.26,145799.0,1.23645,1.2355338590805889,-0.06916126787547472,45.4545440082645,0.031099999999999905,1.4187425179629196,1.0541574820370805,0.06929285714285713,28535.8,-493031.0,1.12,1.17,1.2289
2023-09-28,1.31,1.32,1.26,1.26,11286.0,1.2314500000000002,1.2378639677395804,-0.05855750061893694,48.78048613920291,0.06000000000000005,1.4047372091128008,1.0581627908871996,0.06929285714285713,28483.8,-493031.0,1.26,1.1101,1.2
2023-09-29,1.25,1.3079,1.25,1.26,6650.0,1.22845,1.2399721612881918,-0.049582752502036476,46.15384449704147,0.08000000000000007,1.3973032031396635,1.0595967968603366,0.0677142857142857,27814.65,-493031.0,1.26,1.11,1.18
2023-10-02,1.3,1.37,1.2601,1.33,45283.0,1.22645,1.2485462411655068,-0.036483679494933696,59.523807539682636,0.17000000000000015,1.3890765790408335,1.0638234209591666,0.06842142857142855,29698.7,-447748.0,1.26,1.14,1.16
2023-10-03,1.27,1.3695,1.27,1.35,15441.0,1.22495,1.258208503911649,-0.02423237321721672,64.45452159855981,0.19000000000000017,1.3820735986831898,1.0678264013168102,0.07338571428571426,28971.45,-432307.0,1.33,1.12,1.16
2023-10-04,1.32,1.37,1.3,1.34,4062.0,1.22445,1.2659981702057777,-0.015146634279470605,67.49999763750012,0.17000000000000015,1.3799533727845368,1.0689466272154633,0.07535714285714283,28591.15,-436369.0,1.35,1.26,1.17
2023-10-05,1.3,1.32,1.3,1.32,1329.0,1.22545,1.2711412016147512,-0.009433472540282706,67.49999763750012,0.20989999999999998,1.3832394466486349,1.067660553351365,0.0682142857142857,27682.8,-437698.0,1.34,1.26,1.1101
2023-10-06,1.28,1.38,1.2,1.38,12297.0,1.23095,1.28150870622287,-0.00011525956712055141,74.99999761363648,0.2699999999999998,1.4023585117336212,1.0595414882663787,0.07892857142857142,26888.4,-425401.0,1.32,1.26,1.11
2023-10-09,1.3407,1.3407,1.31,1.31,1287.0,1.2319499999999999,1.284222162773073,0.0016568905261553635,64.70588057670136,0.17000000000000015,1.4050342022040998,1.0588657977959,0.07969285714285712,24179.0,-426688.0,1.38,1.33,1.14
2023-10-10,1.27,1.34,1.23,1.33,46221.0,1.2359499999999999,1.288581956794685,0.004607035541383864,65.38461362426045,0.20999999999999996,1.4144048711933348,1.057495128806665,0.08219285714285711,24689.2,-380467.0,1.31,1.35,1.12
2023-10-11,1.328,1.3931,1.28,1.28,7766.0,1.238505,1.2877646275761436,0.002910837161219648,66.65359550450827,0.020000000000000018,1.4179951020581365,1.0590148979418634,0.08650714285714282,24873.8,-388233.0,1.33,1.34,1.26
2023-10-12,1.296,1.41,1.296,1.39,11833.0,1.248005,1.297501329711749,0.010254727780008466,72.58064352237258,0.1299999999999999,1.4386782722141211,1.057331727785879,0.09036428571428569,24369.15,-376400.0,1.28,1.32,1.26
2023-10-13,1.37,1.39,1.32,1.39,4724.0,1.258505,1.3063107268820586,0.015890900908914096,71.18643898879638,0.1299999999999999,1.4564020011208605,1.0606079988791395,0.08964999999999998,21604.8,-376400.0,1.39,1.38,1.26
2023-10-16,1.33,1.3893,1.33,1.36,5790.0,1.268505,1.3114239909885292,0.01774798408693301,69.99999836666672,0.030000000000000027,1.4656548545723354,1.0713551454276646,0.08959999999999999,21394.9,-382190.0,1.39,1.31,1.33
2023-10-17,1.39,1.39,1.3,1.38,1602.0,1.279505,1.3179550394658122,0.020585854691049565,62.4999981770834,0.029999999999999805,1.4757117167153275,1.0832982832846723,0.08459999999999998,20672.2,-380588.0,1.36,1.33,1.35
2023-10-18,1.3,1.38,1.3,1.31,5268.0,1.286505,1.3171974166595444,0.017022516961257894,54.545453157024845,-0.030000000000000027,1.4761416106669847,1.0968683893330153,0.08602857142857138,20296.55,-385856.0,1.38,1.28,1.34
2023-10-19,1.3,1.3,1.25,1.3,12850.0,1.2959999999999998,1.3155595674538736,0.013243328044247882,53.5714272321429,-0.020000000000000018,1.466497723398903,1.1255022766010967,0.08546428571428567,18529.15,-398706.0,1.31,1.39,1.32
2023-10-20,1.27,1.29,1.26,1.2699,12502.0,1.303995,1.3112110372201713,0.007742350113737251,44.22226375867776,-0.11009999999999986,1.4511696613631804,1.1568203386368197,0.07975714285714282,18616.65,-411208.0,1.3,1.39,1.38
2023-10-23,1.32,1.32,1.23,1.28,16776.0,1.310995,1.308238557484917,0.0041464371086565865,43.13994393579141,-0.030000000000000027,1.437142957823963,1.1848470421760369,0.0790785714285714,18685.95,-394432.0,1.2699,1.36,1.31
2023-10-24,1.23,1.2767,1.23,1.2767,2446.0,1.3188300000000002,1.3052348853434963,0.0010198741264670907,43.71400077061366,-0.053300000000000125,1.4095087528064034,1.228151247193597,0.07741428571428567,18560.6,-396878.0,1.28,1.38,1.33
2023-10-25,1.2799,1.31,1.2799,1.31,7931.0,1.3213300000000001,1.3056887057869728,0.0012047418430738421,49.032506411658105,0.030000000000000027,1.407840750168608,1.2348192498313921,0.07813571428571424,11667.2,-388947.0,1.2767,1.31,1.28
2023-10-26,1.27,1.3,1.23,1.26,13363.0,1.3213300000000001,1.3013374004739278,-0.0026382306125818378,38.161009206286245,-0.1299999999999999,1.407840750168608,1.2348192498313921,0.0702785714285714,11771.05,-402310.0,1.31,1.3,1.39
2023-10-27,1.25,1.29,1.25,1.28,4051.0,1.32233,1.2993052670954583,-0.004028831112969922,46.71628578365148,-0.10999999999999988,1.4062802634709421,1.2383797365290579,0.07094285714285711,11641.1,-398259.0,1.26,1.2699,1.39
2023-10-30,1.25,1.26,1.24,1.2505,2084.0,1.318355,1.2946571464197003,-0.007418275407288899,41.47544374725237,-0.10950000000000015,1.4081043931954185,1.2286056068045814,0.06451428571428568,9481.15,-400343.0,1.28,1.28,1.36
2023-10-31,1.22,1.27,1.22,1.2657,3271.0,1.31414,1.2918993229511575,-0.008780114654910909,48.34298800277676,-0.11429999999999985,1.4055348610786045,1.2227451389213957,0.06000714285714283,8872.65,-397072.0,1.2505,1.2767,1.38
2023-11-01,1.24,1.2691,1.24,1.2691,2139.0,1.310595,1.289727958860571,-0.009476444634915593,31.394273808803206,-0.04090000000000016,1.4032577950093552,1.2179322049906447,0.05394285714285712,8776.5,-394933.0,1.2657,1.31,1.31
2023-11-02,1.3,1.309,1.27,1.28,2488.0,1.308595,1.2888014865881356,-0.009046588267818123,33.62120169536385,-0.020000000000000018,1.4021257092828112,1.2150642907171887,0.05172857142857141,8834.45,-392445.0,1.2691,1.26,1.3
2023-11-03,1.28,1.38,1.28,1.3,8212.0,1.304595,1.2898680116749799,-0.007014905256036652,40.79189511637037,0.030100000000000016,1.3919034905740224,1.2172865094259775,0.05463571428571427,8630.2,-384233.0,1.28,1.28,1.2699
2023-11-06,1.31,1.335,1.3,1.3,7852.0,1.304095,1.2908329629440294,-0.005343206107579768,36.91955357464441,0.020000000000000018,1.3913876951787911,1.2168023048212089,0.05070714285714284,8958.45,-384233.0,1.3,1.2505,1.28
2023-11-07,1.29,1.345,1.29,1.3,2301.0,1.302595,1.291706014092217,-0.00397259369717573,47.87955610553951,0.0233000000000001,1.3890403213247873,1.2161496786752126,0.04892142857142856,6762.45,-384233.0,1.3,1.2657,1.2767
2023-11-08,1.31,1.33,1.31,1.33,3334.0,1.3050950000000001,1.2953530603691488,-0.00046469259249470873,55.86395315834501,0.020000000000000018,1.3916808497008573,1.218509150299143,0.04677857142857141,6540.85,-380899.0,1.3,1.2691,1.31
2023-11-09,1.3,1.3,1.19,1.23,5801.0,1.297095,1.2891289593816109,-0.005674845702188458,43.874729461939786,-0.030000000000000027,1.3801443442415156,1.2140456557584847,0.05249285714285713,6239.25,-386700.0,1.33,1.28,1.26
2023-11-10,1.18,1.2699,1.18,1.23,8901.0,1.289095,1.2834976299166956,-0.009692103644330485,42.0785786150187,-0.050000000000000044,1.364978663729758,1.2132113362702421,0.05248571428571428,6448.1,-386700.0,1.23,1.3,1.28
2023-11-13,1.26,1.26,1.21,1.2499,8171.0,1.28359,1.280297855638915,-0.011143823393988894,45.96628343308862,-0.0005999999999999339,1.353559464016349,1.213620535983651,0.05272142857142857,6567.15,-378529.0,1.23,1.3,1.2505
2023-11-14,1.29,1.29,1.2001,1.22,4704.0,1.27559,1.2745552027209233,-0.014536157778890946,36.313867066927806,-0.045700000000000074,1.33492579375934,1.21625420624066,0.056992857142857144,6722.25,-383233.0,1.2499,1.3,1.2657
2023-11-15,1.26,1.35,1.25,1.34,15694.0,1.2770899999999998,1.2807880405570258,-0.007467463237548211,60.03008816343723,0.07090000000000019,1.3413969906979784,1.2127830093020213,0.05913571428571429,7243.55,-367539.0,1.22,1.33,1.2691
2023-11-16,1.34,1.34,1.28,1.2904,8397.0,1.2766100000000002,1.2817034652658805,-0.005796431372161459,51.213817187223526,0.010399999999999965,1.3403376739027164,1.212882326097284,0.06056428571428572,7020.9,-375936.0,1.34,1.23,1.28
2023-11-17,1.29,1.32,1.24,1.29,5858.0,1.2776150000000002,1.2824936114310348,-0.004453043918064337,54.94615384611532,-0.010000000000000009,1.341530808933137,1.2136991910668633,0.06485,6688.7,-381794.0,1.2904,1.23,1.3
2023-11-20,1.26,1.3,1.26,1.3,1255.0,1.278615,1.284160886532841,-0.002552855549228905,54.351685458199455,0.0,1.3433090093216025,1.2139209906783976,0.0641357142857143,5912.65,-380539.0,1.29,1.2499,1.3
2023-11-21,1.29,1.31,1.24,1.24,1498.0,1.27678,1.2799550878154278,-0.005816986355700937,46.77168703172041,-0.06000000000000005,1.3437448014376006,1.2098151985623995,0.06705714285714288,5865.25,-382037.0,1.3,1.22,1.3
2023-11-22,1.26,1.27,1.26,1.27,440.0,1.27478,1.2790069842139584,-0.0059168837332141955,48.935715868241765,-0.06000000000000005,1.3399320521145355,1.2096279478854646,0.06498571428571431,5490.7,-381597.0,1.24,1.34,1.33
2023-11-24,1.26,1.33,1.26,1.33,2637.0,1.27828,1.2838634619078673,-0.001145128745637214,52.942328871728904,0.10000000000000009,1.3474838210079731,1.209076178992027,0.06284285714285719,4954.4,-378960.0,1.27,1.2904,1.23
2023-11-27,1.28,1.32,1.27,1.31,2044.0,1.2797800000000001,1.2863526560118799,0.0010121547658712426,50.943751013188916,0.08000000000000007,1.3504262678270629,1.2091337321729374,0.06391428571428577,4854.05,-381004.0,1.33,1.29,1.23
2023-11-28,1.28,1.32,1.28,1.32,1866.0,1.283255,1.2895571649631294,0.0034879698566510076,51.85253663220543,0.07010000000000005,1.3546701237115444,1.2118398762884557,0.0628428571428572,4843.15,-379138.0,1.31,1.3,1.2499
2023-11-29,1.32,1.33,1.29,1.33,4242.0,1.28647,1.2934088635380696,0.006185168235628868,49.99999865332824,0.1100000000000001,1.3603058948508069,1.2126341051491931,0.06427142857142863,4891.7,-374896.0,1.32,1.24,1.22
2023-11-30,1.29,1.49,1.29,1.47,27089.0,1.296515,1.3102270670106344,0.01938952492089996,71.43622543746488,0.1299999999999999,1.4063083614137246,1.1867216385862756,0.07070000000000005,6139.2,-347807.0,1.33,1.27,1.34
2023-12-01,1.35,1.5,1.28,1.428,63436.0,1.303915,1.3214435368191455,0.026165119081508648,66.45064650995505,0.13759999999999994,1.428036863293164,1.179793136706836,0.07999285714285718,9186.6,-411243.0,1.47,1.33,1.2904
2023-12-04,1.37,1.41,1.34,1.41,6061.0,1.309415,1.3298774856935125,0.029740206722739915,63.34388917017094,0.11999999999999988,1.4422491470841643,1.1765808529158357,0.0814214285714286,9079.05,-417304.0,1.428,1.31,1.29
2023-12-05,1.34,1.355,1.34,1.35,1912.0,1.311915,1.3317939156274636,0.027418097502509786,60.31745897707235,0.050000000000000044,1.445880294405908,1.177949705594092,0.07607142857142858,8782.05,-419216.0,1.41,1.32,1.3
2023-12-06,1.305,1.35,1.305,1.35,2939.0,1.3144150000000001,1.333527828424848,0.025286312779273734,50.98039075740104,0.1100000000000001,1.4493070234854475,1.1795229765145527,0.07214285714285716,8813.95,-419216.0,1.35,1.33,1.24
2023-12-07,1.31,1.33,1.31,1.33,740.0,1.314415,1.3331918447653386,0.021733120269508355,54.12156378496692,0.06000000000000005,1.4493070234854473,1.1795229765145525,0.0692857142857143,8684.25,-419956.0,1.35,1.47,1.27
2023-12-08,1.35,1.4,1.33,1.4,20984.0,1.322915,1.3395545262162587,0.024283632004126865,59.999998472727306,0.06999999999999984,1.4568310974561807,1.1889989025438195,0.06857142857142857,9443.4,-398972.0,1.33,1.428,1.33
2023-12-11,1.35,1.42,1.35,1.4,15362.0,1.331415,1.3453112380051864,0.02600513580307573,59.259257722908124,0.08999999999999986,1.4620395124896413,1.2007904875103588,0.0707142857142857,9766.45,-398972.0,1.4,1.41,1.31
2023-12-12,1.33,1.37,1.32,1.37,10454.0,1.33742,1.3476625486713592,0.024665097345554443,62.7450963168013,0.050000000000000044,1.4632193657418477,1.2116206342581524,0.06928571428571427,9880.6,-409426.0,1.4,1.35,1.32
2023-12-13,1.33,1.35,1.33,1.35,3324.0,1.34392,1.3478851630836106,0.0217391335517505,57.99999837600006,0.020000000000000018,1.456961056351448,1.230878943648552,0.06999999999999998,9811.6,-412750.0,1.37,1.35,1.33
2023-12-14,1.32,1.46,1.27,1.33,36107.0,1.34342,1.346181814218505,0.017603952456343608,49.99999847826092,-0.1399999999999999,1.456622410240282,1.230217589759718,0.07857142857142854,10832.25,-448857.0,1.35,1.33,1.47
2023-12-15,1.31,1.34,1.31,1.34,5176.0,1.3459,1.3455930700072187,0.014961050021175648,53.33333167407413,-0.08799999999999986,1.4563515135346903,1.23544848646531,0.07714285714285711,10671.2,-443681.0,1.33,1.4,1.428
2023-12-18,1.38,1.38,1.31,1.33,5195.0,1.3478999999999999,1.344108015720817,0.011922364651218986,51.1111095209877,-0.07999999999999985,1.4555014087170484,1.2402985912829514,0.07928571428571425,10638.05,-448876.0,1.34,1.4,1.41
2023-12-19,1.3,1.359,1.3,1.31,10898.0,1.3484,1.3408596332712153,0.007810658081329747,47.82608550094522,-0.040000000000000036,1.4551538240409543,1.2416461759590458,0.0806428571428571,11120.2,-459774.0,1.33,1.37,1.35
2023-12-20,1.3,1.35,1.3,1.35,2243.0,1.3538999999999999,1.3417301443882423,0.0076904898163516755,33.33333203703708,0.0,1.4476856458548941,1.2601143541451056,0.06992857142857138,11157.45,-457531.0,1.31,1.35,1.35
2023-12-21,1.39,1.41,1.33,1.41,13000.0,1.3609,1.348232035398886,0.012294155794051465,47.61904585537925,0.07999999999999985,1.4490479617341965,1.2727520382658035,0.05992857142857138,11785.45,-444531.0,1.35,1.33,1.33
2023-12-22,1.41,1.43,1.33,1.33,29510.0,1.3609,1.3464956510751824,0.009380204051335772,40.90908960743806,-0.06999999999999984,1.4490479617341965,1.2727520382658035,0.06207142857142852,13129.1,-474041.0,1.41,1.34,1.4
2023-12-26,1.4,1.4,1.35,1.36,18628.0,1.3634,1.3477817795442126,0.009383089342252182,51.21951044616306,-0.039999999999999813,1.4482438813970986,1.2785561186029013,0.06457142857142852,13958.3,-455413.0,1.33,1.33,1.4
2023-12-27,1.4,1.405,1.33,1.365,6935.0,1.36565,1.3494216100638114,0.009677220667975162,51.80722716794896,-0.0050000000000001155,1.4479978501301114,1.2833021498698887,0.06671428571428564,14211.75,-448478.0,1.36,1.31,1.37
2023-12-28,1.35,1.4641,1.35,1.425,22949.0,1.3704,1.3566195519624962,0.014583068746542471,60.43955857988173,0.07499999999999996,1.455017778398226,1.285782221601774,0.0734357142857142,15147.1,-425529.0,1.365,1.35,1.35
2023-12-29,1.44,1.59,1.36,1.36,72692.0,1.3649,1.3569414993946394,0.013075937329343645,45.55555413827167,0.030000000000000027,1.4353777680511546,1.2944222319488454,0.08486428571428564,17427.25,-498221.0,1.425,1.41,1.33
2024-01-02,1.47,1.47,1.37,1.41,7655.0,1.3639999999999999,1.3619946899284832,0.01573427072779321,50.99999857200004,0.06999999999999984,1.4314809914755626,1.2965190085244371,0.0870071428571428,14638.2,-490566.0,1.36,1.33,1.34
2024-01-03,1.47,1.4707,1.42,1.45,6841.0,1.366,1.3703761480305323,0.02082824278174611,57.843135667051165,0.11999999999999988,1.4411559781563001,1.2908440218437,0.08705714285714279,14677.2,-483725.0,1.41,1.36,1.33
2024-01-04,1.4,1.4933,1.4,1.44,9513.0,1.3705,1.3770069910752436,0.023784235992749814,58.99999834800004,0.1299999999999999,1.4521217205353856,1.2888782794646145,0.09229285714285708,15057.25,-493238.0,1.45,1.365,1.31
2024-01-05,1.4,1.428,1.4,1.428,1664.0,1.3744,1.3818634681156965,0.02487195467165959,59.959347887335625,0.07799999999999985,1.4592860536558385,1.2895139463441616,0.08072142857142851,14993.5,-494902.0,1.44,1.425,1.35
2024-01-08,1.5,1.5,1.41,1.4101,6770.0,1.378405,1.3845526616284873,0.024012909550725103,57.011400683817534,9.999999999998899e-05,1.4620195662203022,1.294790433779698,0.08500714285714281,15295.0,-501672.0,1.428,1.36,1.41
2024-01-09,1.41,1.41,1.37,1.39,5302.0,1.377905,1.3850714557591075,0.021462920030369093,55.88235140715112,0.05999999999999983,1.4610943585046776,1.2947156414953223,0.08286428571428565,14510.9,-506974.0,1.4101,1.41,1.33
2024-01-10,1.47,1.47,1.39,1.44,19676.0,1.379905,1.3903027456868116,0.023208789537651375,62.03703542866945,0.07999999999999985,1.467155190167181,1.2926548098328188,0.08436428571428567,14726.6,-487298.0,1.39,1.45,1.36
2024-01-11,1.43,1.49,1.43,1.46,5953.0,1.3844049999999999,1.3969405794309246,0.025907479714565307,60.57692144600596,0.09499999999999997,1.4785179550900844,1.2902920449099153,0.08507857142857138,14501.55,-481345.0,1.44,1.44,1.365
2024-01-12,1.42,1.51,1.39,1.45,22326.0,1.389405,1.4019938575803603,0.026928919888656422,54.255317532820335,0.02499999999999991,1.4864030243965871,1.2924069756034129,0.08793571428571426,15451.65,-503671.0,1.46,1.428,1.425
2024-01-16,1.42,1.5687,1.4,1.4692,24778.0,1.3963649999999999,1.408394442572707,0.02895384431633463,67.00879536138041,0.10919999999999996,1.4953709918441882,1.2973590081558115,0.09284285714285713,14885.2,-478893.0,1.45,1.4101,1.36
2024-01-17,1.45,1.4601,1.45,1.46,8706.0,1.402365,1.4133092575657826,0.02947649694305232,62.87332420127048,0.050000000000000044,1.5015328911320487,1.3031971088679515,0.08999285714285714,15061.7,-487599.0,1.4692,1.39,1.41
2024-01-18,1.43,1.46,1.4201,1.45,2532.0,1.408365,1.416803613988089,0.028752383419367034,60.80325152199917,0.0,1.5035381778889023,1.3131918221110979,0.08748571428571429,14928.55,-490131.0,1.46,1.44,1.45
2024-01-19,1.42,1.48,1.42,1.48,388.0,1.416865,1.422822317417795,0.030250447401695135,57.56741660444734,0.040000000000000036,1.5051660228229433,1.3285639771770568,0.0836214285714286,14403.05,-489743.0,1.45,1.46,1.44
2024-01-22,1.46,1.46,1.4201,1.46,10577.0,1.422365,1.4263630490922907,0.029484032145226102,65.70351469896602,0.03200000000000003,1.5067460723350925,1.3379839276649077,0.07004285714285717,14819.75,-500320.0,1.48,1.45,1.428
2024-01-23,1.43,1.528,1.43,1.48,10691.0,1.4258650000000002,1.4314713301311202,0.03014294178534893,62.13591931379031,0.06990000000000007,1.5138179605138848,1.3379120394861155,0.06990000000000005,14704.3,-489629.0,1.46,1.4692,1.4101
2024-01-24,1.46,1.46,1.46,1.46,234.0,1.4323649999999999,1.4341883463091087,0.028720285753398134,51.86288850193577,0.07000000000000006,1.5089703254985312,1.3557596745014686,0.06627857142857148,13240.5,-489863.0,1.48,1.46,1.39
2024-01-25,1.461,1.461,1.4603,1.4603,1295.0,1.4373799999999999,1.436675170470146,0.027302302034607484,53.92346055304039,0.020299999999999985,1.5068372219730217,1.367922778026978,0.05966428571428576,12373.85,-488568.0,1.46,1.45,1.44
2024-01-26,1.44,1.46,1.43,1.43,10344.0,1.44063,1.4360394399491796,0.02346318818073012,50.361008285003194,-0.030000000000000027,1.5013620291808218,1.3798979708191783,0.0598071428571429,12544.3,-498912.0,1.4603,1.48,1.46
2024-01-29,1.45,1.46,1.45,1.46,466.0,1.44238,1.4383213980492577,0.02258104262858085,58.63022891448217,0.010000000000000009,1.5032326295760086,1.3815273704239914,0.05409285714285718,11420.15,-498446.0,1.43,1.46,1.45
2024-01-30,1.48,1.54,1.36,1.49,30255.0,1.4488800000000002,1.443243169663614,0.024025667389021788,66.72240490262986,0.02079999999999993,1.4996128441316214,1.398147155868379,0.06409285714285719,9298.3,-468191.0,1.46,1.48,1.4692
2024-01-31,1.44,1.46,1.44,1.45,1227.0,1.4508800000000002,1.4438866773146986,0.02169289258576801,51.730101300271905,-0.010000000000000009,1.4981980771064487,1.4035619228935516,0.0598071428571429,8976.9,-469418.0,1.49,1.46,1.46
2024-02-01,1.42,1.45,1.42,1.45,6056.0,1.45088,1.4444688985228225,0.019618007194830644,48.14126143502728,0.0,1.4981980771064485,1.4035619228935514,0.05766428571428576,8937.65,-469418.0,1.45,1.4603,1.45
2024-02-02,1.43,1.45,1.41,1.41,5947.0,1.4493800000000001,1.4411861462825537,0.01457800115551966,43.31103476135624,-0.07000000000000006,1.4999411708725103,1.39881882912749,0.05195000000000004,8759.35,-475365.0,1.45,1.43,1.48
2024-02-05,1.46,1.4755,1.36,1.4,10552.0,1.4479799999999998,1.4372636561604057,0.00966544258523827,38.06072970030981,-0.06000000000000005,1.502434485098728,1.3935255149012717,0.048150000000000026,9203.75,-485917.0,1.41,1.46,1.46
2024-02-06,1.31,1.405,1.3,1.36,10039.0,1.4454749999999998,1.4299052127165577,0.0025155992153198525,34.404240543794884,-0.11999999999999988,1.5107923910910908,1.380157608908909,0.05492857142857145,9367.2,-495956.0,1.4,1.49,1.48
2024-02-07,1.32,1.375,1.32,1.32,14744.0,1.4419749999999998,1.419438049600695,-0.006305626612646442,31.460352423146247,-0.1399999999999999,1.5249292898862101,1.3590207101137894,0.05600714285714287,9839.3,-510700.0,1.36,1.45,1.46
2024-02-08,1.3,1.3745,1.3,1.33,11679.0,1.4364750000000002,1.4109201401149145,-0.012347274372337846,27.31397343497997,-0.13029999999999986,1.5333919123256408,1.3395580876743596,0.05704285714285716,9439.45,-499021.0,1.32,1.45,1.4603
2024-02-09,1.31,1.31,1.3,1.3,5548.0,1.4284750000000002,1.4003563172468274,-0.019333176408496078,26.51203649099088,-0.1299999999999999,1.5421765645867405,1.3147734354132599,0.05490714285714287,9419.2,-504569.0,1.33,1.41,1.43
2024-02-12,1.35,1.35,1.3,1.34,5701.0,1.422975,1.3946080965566534,-0.02139529796811268,30.58790785293759,-0.11999999999999988,1.5427710701402664,1.3031789298597338,0.051478571428571436,8587.95,-498868.0,1.3,1.4,1.46
2024-02-13,1.3501,1.36,1.2,1.2,35937.0,1.409515,1.3760739921226863,-0.03393505288556531,22.95047789990285,-0.29000000000000004,1.5631553082390437,1.2558746917609565,0.06290714285714287,9145.9,-534805.0,1.34,1.36,1.49
2024-02-14,1.36,1.43,1.36,1.405,50948.0,1.406765,1.3788288500157637,-0.027019829832757303,45.9652697453469,-0.04499999999999993,1.5585583397748362,1.254971660225164,0.06785714285714285,11258.0,-483857.0,1.2,1.32,1.45
2024-02-15,1.4,1.49,1.33,1.45,30832.0,1.406765,1.3856070547761672,-0.01770429605481527,51.42857040000003,0.0,1.5585583397748362,1.254971660225164,0.07714285714285714,12673.0,-453025.0,1.405,1.33,1.45
2024-02-16,1.49,1.4955,1.408,1.43,37123.0,1.404265,1.389834954321294,-0.01179946926304698,47.826085986137386,0.020000000000000018,1.5525870432920024,1.2559429567079978,0.08267857142857142,14509.75,-490148.0,1.45,1.3,1.41
2024-02-20,1.35,1.69,1.3,1.65,201493.0,1.413765,1.414612577719266,0.010510985670872053,59.09090815082646,0.25,1.5972812895394157,1.2302487104605841,0.09767857142857142,24055.55,-288655.0,1.43,1.34,1.4
2024-02-21,1.59,1.62,1.4712,1.48,64503.0,1.413765,1.420839951269812,0.01430976090672087,51.48514780119598,0.11999999999999988,1.5972812895394157,1.2302487104605841,0.10687857142857142,26746.15,-353158.0,1.65,1.2,1.36
2024-02-22,1.46,1.58,1.46,1.47,10106.0,1.4142649999999999,1.425521860672687,0.01632521996542402,50.980391457131894,0.1499999999999999,1.5983652504358024,1.2301647495641974,0.11330714285714286,27239.75,-363264.0,1.48,1.405,1.32
2024-02-23,1.457,1.57,1.457,1.52,37894.0,1.41725,1.4345197787038597,0.02170681606508862,55.33980507305119,0.18999999999999995,1.6063608001591685,1.2281391998408313,0.11852142857142857,29069.7,-325370.0,1.47,1.45,1.33
2024-02-26,1.46,1.62,1.4401,1.58,10432.0,1.42475,1.4483750378749207,0.03046208765428271,58.33333257716051,0.28,1.6274028013493418,1.2220971986506581,0.12312142857142859,29074.1,-314938.0,1.52,1.43,1.3
2024-02-27,1.52,1.5699,1.47,1.5001,19612.0,1.426755,1.4533012247439758,0.030600733597513363,56.2550220666396,0.1600999999999999,1.6316572408754684,1.2218527591245316,0.12275714285714288,30031.4,-334550.0,1.58,1.65,1.34
2024-02-28,1.48,1.481,1.46,1.46,15085.0,1.425255,1.4539392033397875,0.027161790441183165,56.249999296875,0.26,1.6286414403180853,1.2218685596819145,0.12032857142857147,29272.9,-349635.0,1.5001,1.48,1.2
2024-02-29,1.47,1.52,1.45,1.48,21298.0,1.426755,1.4564211839740935,0.025753358820459038,56.63716743989349,0.07499999999999996,1.631348774407519,1.222161225592481,0.1200071428571429,30276.45,-328337.0,1.46,1.47,1.405
2024-03-01,1.54,1.54,1.32,1.3201,335248.0,1.42026,1.443438214071799,0.011600907488528822,50.79768179127903,-0.1298999999999999,1.6299312554653596,1.2105887445346406,0.1350071428571429,46736.05,-663585.0,1.48,1.52,1.45
2024-03-04,1.34,1.3937,1.34,1.3682,3821.0,1.41817,1.4362726698744848,0.0042176208347479704,51.111986817375545,-0.061799999999999855,1.6291014091557252,1.2072385908442747,0.1352714285714286,46629.75,-659764.0,1.3201,1.58,1.43
2024-03-05,1.3,2.14,1.3,2.0,2017075.0,1.44817,1.4899609870292958,0.04878472065602324,72.72985508681784,0.3500000000000001,1.782687179796414,1.113652820203586,0.18384285714285717,146955.9,1357311.0,1.3682,1.5001,1.65
2024-03-06,2.0,2.0899,1.86,1.86,89669.0,1.47317,1.5252027977884104,0.07197796270610968,63.42341226815685,0.3800000000000001,1.8517722164697252,1.094567783530275,0.19526428571428575,150937.4,1267642.0,2.0,1.46,1.48
2024-03-07,1.83,1.97,1.82,1.88,43470.0,1.5011700000000001,1.5589930075228475,0.09092447907717949,62.875792981038984,0.4099999999999999,1.9134123615199903,1.08892763848001,0.19455,152373.7,1311112.0,1.86,1.48,1.47
2024-03-08,1.82,1.88,1.77,1.78,42917.0,1.5236699999999999,1.5800412925206715,0.09675525665760465,60.00114250770603,0.26,1.9455841549003334,1.1017558450996663,0.19615714285714286,153935.6,1268195.0,1.88,1.3201,1.52
2024-03-11,1.71,2.04,1.71,1.97,48563.0,1.55717,1.6171802170425122,0.11537755366280522,59.30340689019206,0.3899999999999999,2.0096001823427967,1.1047398176572032,0.1918714285714286,156086.35,1316758.0,1.78,1.3682,1.58
2024-03-12,2.0,2.0,1.88,1.94,3572.0,1.58717,1.6479249582765587,0.12625967173111952,64.55880433990173,0.43989999999999996,2.058157335174457,1.1161826648255428,0.1898142857142857,155979.9,1313186.0,1.97,2.0,1.5001
2024-03-13,1.85,1.915,1.82,1.88,13005.0,1.62117,1.6700273432026007,0.12856037793176656,62.578229920177186,0.41999999999999993,2.072231177318787,1.1701088226812129,0.18802857142857143,154833.3,1300181.0,1.94,1.86,1.46
2024-03-14,1.8,1.85,1.67,1.79,22452.0,1.64042,1.6814533105166387,0.12171837963898602,58.08480008792239,0.31000000000000005,2.0854580780869973,1.1953819219130026,0.19281428571428574,153408.5,1277729.0,1.88,1.88,1.48
2024-03-15,1.77,1.78,1.71,1.76,17680.0,1.65592,1.6889339476102923,0.11257757826952641,55.48847373043137,0.43989999999999996,2.0945816804494517,1.2172583195505484,0.18496428571428572,152750.9,1260049.0,1.79,1.78,1.3201
2024-03-18,1.75,1.78,1.64,1.67,33335.0,1.6679199999999998,1.6871307145045502,0.09695357394166715,55.148796428824085,0.30179999999999985,2.093495210002205,1.2423447899977946,0.18782857142857148,152561.5,1226714.0,1.76,1.97,1.3682
2024-03-19,1.65,1.65,1.5,1.59,25356.0,1.66492,1.6778801702660215,0.07722590677808783,53.84660862004231,-0.4099999999999999,2.09187078774713,1.23796921225287,0.19704285714285716,143754.65,1201358.0,1.67,1.94,2.0
2024-03-20,1.52,1.68,1.51,1.64,27958.0,1.67292,1.6742725350025909,0.06487828693837194,54.651703241584,-0.2200000000000002,2.0911892992999155,1.2546507007000847,0.20418571428571428,141927.4,1229316.0,1.59,1.88,1.86
2024-03-21,1.68,1.7,1.64,1.7,11773.0,1.68442,1.6767227697642488,0.05925118898496984,61.72603193767242,-0.17999999999999994,2.0917012378895476,1.2771387621104526,0.19275714285714285,142010.75,1241089.0,1.64,1.79,1.88
2024-03-22,1.7,1.7,1.61,1.69,2640.0,1.6929199999999998,1.6779872678819394,0.053369547126793426,60.171955466931735,-0.09000000000000008,2.0927812211887096,1.29305877881129,0.19534999999999997,140248.05,1238449.0,1.7,1.76,1.78
2024-03-25,1.7,1.7,1.5818,1.63,2568.0,1.69542,1.6734170518931832,0.04336690514816666,31.683167877659045,-0.3400000000000001,2.0929268968617167,1.2979131031382831,0.1437928571428571,139854.85,1235881.0,1.69,1.67,1.97
2024-03-26,1.57,1.65,1.57,1.65,2486.0,1.7029149999999997,1.6711868564747847,0.036631307169029625,38.202246590076996,-0.29000000000000004,2.090443010668431,1.3153869893315686,0.13308571428571428,138998.55,1238367.0,1.63,1.59,1.94
2024-03-27,1.65,1.7,1.62,1.62,9945.0,1.710915,1.6663119177629004,0.0285435189910781,35.55555500246915,-0.2599999999999998,2.083652386175081,1.3381776138249186,0.12808571428571427,138741.55,1228422.0,1.65,1.64,1.88
2024-03-28,1.57,2.25,1.57,1.94,340298.0,1.733915,1.692377449404529,0.04740868734298265,57.14285642857144,0.1499999999999999,2.103412726080889,1.3644172739191112,0.1688,154691.55,1568720.0,1.62,1.7,1.79
2024-04-01,1.91,1.99,1.8758,1.91,18231.0,1.76341,1.7131034066040975,0.05925565976708058,46.87499931640625,0.1499999999999999,2.0848785637409737,1.4419414362590262,0.15338571428571426,138840.7,1550489.0,1.94,1.69,1.76
2024-04-02,1.83,1.97,1.71,1.92,27543.0,1.791,1.732807844070374,0.06865991739868571,48.9361694839294,0.25,2.0601037757172196,1.5218962242827803,0.16338571428571427,140026.8,1578032.0,1.91,1.63,1.67
2024-04-03,1.96,2.14,1.91,2.01,88646.0,1.7914999999999999,1.7592070970160527,0.08242495687142792,56.70103010946967,0.4199999999999997,2.0622708294947287,1.5207291705052708,0.17302857142857145,43605.35,1666678.0,1.92,1.65,1.59
2024-04-04,2.2,2.2,1.99,2.13,61152.0,1.8050000000000002,1.7945207068240476,0.10184285761064449,66.99999906200001,0.49,2.1143286448525522,1.495671355147448,0.17517142857142856,42179.5,1727830.0,2.01,1.62,1.64
2024-04-05,2.08,2.11,2.05,2.0699,4982.0,1.8144949999999997,1.8207473061741384,0.11110141162455034,65.04222802583129,0.3699000000000001,2.1444850826260984,1.484504917373901,0.17445714285714287,40255.1,1722848.0,2.13,1.94,1.7
2024-04-08,2.18,2.18,2.07,2.09,9182.0,1.8299949999999998,1.8463904198718395,0.11869256898263614,71.87044260967905,0.3999999999999999,2.1815784884752434,1.4784115115247562,0.1723142857142857,38568.35,1732030.0,2.0699,1.91,1.69
2024-04-09,2.07,2.07,2.02,2.02,7138.0,1.8324949999999998,1.862924665598331,0.11770339296350962,72.62681433721808,0.3900000000000001,2.1889475537187693,1.4760424462812303,0.16517142857142858,36497.1,1724892.0,2.09,1.92,1.63
2024-04-10,2.04,2.1,2.02,2.06,15233.0,1.838495,1.8816937450651565,0.11877792942088328,72.3356721838977,0.41000000000000014,2.2064219691549933,1.4705680308450064,0.15874285714285716,37080.15,1740125.0,2.02,2.01,1.65
2024-04-11,2.06,2.09,1.91,2.09,3848.0,1.848995,1.9015324360113322,0.12065936899011098,71.42386178869035,0.46999999999999975,2.233520903446118,1.464469096553882,0.16731428571428572,36622.3,1743973.0,2.06,2.13,1.62
2024-04-12,2.11,2.11,1.96,2.03,26760.0,1.8609949999999997,1.9137674421054909,0.11597207337114357,67.70464387849927,0.08999999999999986,2.2526818269690123,1.4693081730309872,0.1716,36837.7,1717213.0,2.09,2.0699,1.94
2024-04-15,2.03,2.03,1.87,1.87,18309.0,1.866495,1.9095991142859203,0.09821454501706528,61.31861831875058,-0.039999999999999813,2.2552891708194176,1.4777008291805824,0.1745857142857143,36869.15,1698904.0,2.03,2.09,1.91
2024-04-16,1.95,2.015,1.7999,1.82,48087.0,1.873995,1.9010658653063088,0.07919409529855526,57.79673380191318,-0.09999999999999987,2.252479737785875,1.4955102622141248,0.1842357142857143,37606.75,1650817.0,1.87,2.02,1.92
2024-04-17,1.82,1.98,1.82,1.89,29192.0,1.8889950000000002,1.9000119733723746,0.06897358003097964,61.944787765681276,-0.11999999999999988,2.243082057240538,1.5349079427594625,0.18995,37798.55,1680009.0,1.82,2.06,2.01
2024-04-18,1.9,1.9,1.875,1.875,1247.0,1.9007450000000001,1.8976298806702436,0.058983449373463115,46.06156005227599,-0.2549999999999999,2.23508800367327,1.5664019963267306,0.14316428571428572,36463.0,1678762.0,1.89,2.09,2.13
2024-04-19,1.82,1.87,1.82,1.82,6803.0,1.9067450000000001,1.890236558701649,0.046096785036535026,44.70712699847121,-0.2499,2.2300441476049793,1.583445852395021,0.13857857142857144,36214.5,1671959.0,1.875,2.03,2.0699
2024-04-22,1.78,1.89,1.78,1.86,2266.0,1.915245,1.887356886444349,0.03866595826780217,46.59168296718523,-0.22999999999999976,2.2231215335239725,1.6073684664760277,0.1278642857142857,36195.8,1674225.0,1.82,1.87,2.09
2024-04-23,1.85,1.85,1.8201,1.8201,950.0,1.92475,1.8809514686877444,0.029220542729818222,38.56161843167973,-0.19989999999999997,2.206146431354323,1.643353568645677,0.11357142857142856,36114.9,1673275.0,1.86,1.82,2.02
2024-04-24,1.72,1.82,1.67,1.76,27372.0,1.9302499999999998,1.8694322811936734,0.016692990122391338,25.980264394022683,-0.30000000000000004,2.1926974965036883,1.6678025034963115,0.10928571428571428,37359.2,1645903.0,1.8201,1.89,2.06
2024-04-25,1.81,1.97,1.78,1.78,17714.0,1.93825,1.8609149210799902,0.00828316372683302,30.146554688327925,-0.30999999999999983,2.1686792424790626,1.7078207575209374,0.11857142857142855,37747.65,1663617.0,1.76,1.875,2.09
2024-04-26,1.74,1.75,1.74,1.75,574.0,1.9287499999999997,1.8503515952628482,-0.000793288423146743,27.02702651570489,-0.2799999999999998,2.174061303835503,1.6834386961644965,0.11142857142857139,20761.45,1663043.0,1.78,1.82,2.03
2024-04-29,2.0701,2.1399,1.89,2.11,267360.0,1.93875,1.8750800147616247,0.02082251375257904,54.36893129983977,0.23999999999999977,2.196817216866175,1.6806827831338247,0.12570714285714282,33217.9,1930403.0,1.75,1.86,1.87
2024-04-30,2.14,2.17,2.05,2.14,23544.0,1.9497499999999999,1.900310489546232,0.03991383953702288,53.92156788735103,0.32000000000000006,2.2227735270371225,1.6767264729628772,0.1285642857142857,33017.95,1953947.0,2.11,1.8201,1.82
2024-05-01,2.1,2.15,2.1,2.13,7422.0,1.95575,1.9221856810180193,0.05361885169703662,51.99999927200001,0.24,2.2394153959193934,1.6720846040806068,0.11927857142857139,28956.75,1946525.0,2.14,1.76,1.89
2024-05-02,2.1,2.13,2.0568,2.1,4589.0,1.95425,1.9391203780639223,0.061352193781129216,53.608246648953155,0.2250000000000001,2.234330353131967,1.6741696468680332,0.11379285714285711,26128.6,1941936.0,2.13,1.78,1.875
2024-05-03,2.01,2.16,1.9801,2.11,12242.0,1.956255,1.9553946277721201,0.0675096303645677,64.63414523795362,0.2899999999999998,2.240366360487214,1.672143639512786,0.11521428571428571,26491.6,1954178.0,2.1,1.75,1.82
2024-05-06,2.16,2.16,2.06,2.11,2779.0,1.957255,1.9701189489366802,0.07156449227030515,68.83116757969304,0.24999999999999978,2.2434813769153816,1.671028623084618,0.10699285714285714,26171.45,1954178.0,2.11,2.11,1.86
2024-05-07,2.05,2.93,1.81,2.1,959132.0,1.9612550000000002,1.9824885728474726,0.07312810789951829,64.78873111684194,0.27990000000000004,2.253349256416623,1.669160743583377,0.17556428571428576,73771.15,995046.0,2.11,2.14,1.8201
2024-05-08,2.03,2.2,1.89,2.06,21757.0,1.961255,1.9898706135286657,0.07032891133469188,62.585032821509586,0.30000000000000004,2.253349256416623,1.6691607435833768,0.1959214285714286,74097.35,973289.0,2.1,2.13,1.76
2024-05-09,2.1299,2.1299,2.03,2.085,13672.0,1.9610049999999997,1.9989305550973642,0.06932864127871485,68.79432487500631,0.30499999999999994,2.252643496303757,1.6693665036962422,0.19948571428571435,74588.55,986961.0,2.06,2.1,1.78
2024-05-10,1.9802,2.09,1.9247,2.04,5461.0,1.961505,2.002841930802377,0.06416514072575374,62.67605510216229,0.29000000000000004,2.2536753574791164,1.6693346425208837,0.20343571428571436,73523.6,981500.0,2.085,2.11,1.75
2024-05-13,2.04,2.05,2.0,2.0,1611.0,1.9680049999999998,2.00257127072596,0.05619755354264799,62.667228732092376,-0.10999999999999988,2.2573746996104336,1.6786353003895662,0.20487142857142862,72688.7,979889.0,2.04,2.11,2.11
2024-05-14,2.07,2.1225,2.0048,2.05,5152.0,1.979505,2.007088292561583,0.0533033175748614,70.71428430000003,-0.0900000000000003,2.2623153733301855,1.6966946266698146,0.20256428571428575,70541.95,985041.0,2.0,2.1,2.14
2024-05-15,2.1,2.1,1.93,1.94,3996.0,1.9820049999999998,2.0006989313652417,0.04165338056675982,60.12658121294667,-0.18999999999999995,2.2623572631863085,1.7016527368136911,0.20113571428571436,69282.15,981045.0,2.05,2.06,2.13
2024-05-16,1.96,2.1,1.95,1.98,7842.0,1.9872549999999998,1.998727604568552,0.03524213757397332,64.37499887343753,-0.1200000000000001,2.263065884675105,1.7114441153248947,0.21113571428571437,69611.9,988887.0,1.94,2.085,2.1
2024-05-17,2.02,2.13,1.96,2.0297,72922.0,1.9977399999999998,2.001677356514404,0.033782136208284186,41.80110152089971,-0.08029999999999982,2.262501639771961,1.7329783602280384,0.2054285714285715,72917.85,1061809.0,1.98,2.04,2.11
2024-05-20,1.99,2.015,1.87,1.9681,12829.0,2.003145,1.9984795130368418,0.02733931911460319,33.512372013862986,-0.14189999999999992,2.2603735035773305,1.7459164964226697,0.20721428571428577,73446.0,1048980.0,2.0297,2.0,2.11
2024-05-21,1.97,2.01,1.96,2.0,5324.0,2.01214,1.9986243213190473,0.024524697931609385,38.03387236289724,-0.10000000000000009,2.2545737600252926,1.7697062399747077,0.20721428571428577,73664.7,1054304.0,1.9681,2.05,2.1
2024-05-22,1.9,1.98,1.9,1.94,13615.0,2.02114,1.9930410526219953,0.01725370216016242,36.043264995454074,-0.1200000000000001,2.2359528722988085,1.8063271277011912,0.20770000000000005,72976.85,1040689.0,2.0,1.94,2.06
2024-05-23,1.94,1.94,1.83,1.83,10532.0,2.02364,1.9775133333246624,0.0025855013839810592,29.20380212588647,-0.2549999999999999,2.2275221682401796,1.8197578317598202,0.20270714285714292,72617.75,1030157.0,1.94,1.98,2.085
2024-05-24,1.83,1.86,1.8,1.84,2938.0,2.02814,1.9644168253889802,-0.008138422350678853,30.24004621873442,-0.19999999999999996,2.2092985568965577,1.8469814431034426,0.19985000000000006,72735.95,1033095.0,1.83,2.0297,2.04
2024-05-28,1.86,1.87,1.83,1.87,5947.0,2.01614,1.955424746780506,-0.014054449062543162,33.64618818110547,-0.1299999999999999,2.206051174804935,1.8262288251950651,0.12270714285714289,59665.3,1039042.0,1.84,1.9681,2.0
2024-05-29,1.81,1.81,1.8,1.81,6207.0,1.99964,1.9415747708966482,-0.02331567263365697,32.715707331277784,-0.23999999999999977,2.2012243080776845,1.7980556919223156,0.10127857142857144,58798.45,1032835.0,1.87,2.0,2.05
2024-05-30,2.27,2.58,2.18,2.5,1770033.0,2.01814,1.9947581260493483,0.02473682142632283,64.94741326230817,0.56,2.315335136320621,1.7209448636793785,0.12271428571428569,146929.0,2802868.0,1.81,1.94,1.94
2024-05-31,2.55,2.885,2.5101,2.86,196596.0,2.05614,2.0771621140446483,0.09082083336176883,74.07233382044816,0.8799999999999999,2.5357650087856483,1.576514991214352,0.13768571428571427,156529.35,2999464.0,2.5,1.83,1.98
2024-06-03,2.83,2.98,2.745,2.95,66620.0,2.09814,2.1602895317546817,0.1487405480324,77.09331446537395,0.9203000000000001,2.7228075761007453,1.4734724238992543,0.15089999999999998,159248.25,3066084.0,2.86,1.84,2.0297
2024-06-04,2.95,3.3,2.91,3.13,79021.0,2.14914,2.252642909682807,0.2067831667435418,78.67459584672667,1.1619,2.9259174060349067,1.3723625939650934,0.17034999999999995,163060.35,3145105.0,2.95,1.87,1.9681
2024-06-05,3.0,3.01,2.6,2.62,43917.0,2.17514,2.2876292992368255,0.20921789010634617,64.89138012067303,0.6200000000000001,2.979319124848505,1.3709608751514946,0.1874928571428571,117299.6,3101188.0,3.13,1.81,2.0
2024-06-06,2.5,2.5,2.41,2.5,63418.0,2.19714,2.3078550802618896,0.19916853812464996,61.0020307828248,0.56,3.012058931453987,1.3822210685460132,0.18320714285714276,119382.65,3037770.0,2.62,2.5,1.94
2024-06-07,2.4,2.5955,2.34,2.56,4878.0,2.22089,2.3318688821417095,0.19381171193237856,61.171265701960095,0.73,3.0496178593374954,1.3921621406625042,0.1893142857142856,118942.95,3042648.0,2.5,2.86,1.83
2024-06-10,2.6099,2.61,2.57,2.61,2295.0,2.24939,2.3583575600329754,0.19139469174203239,63.58863589049456,0.7699999999999998,3.091029034766157,1.4077509652338431,0.18181428571428565,118784.65,3044943.0,2.56,2.95,1.84
2024-06-11,2.55,2.67,2.48,2.64,6098.0,2.28139,2.3851806495536443,0.1897130411990644,63.55932165685148,0.77,3.131726534988851,1.431053465011149,0.19181428571428563,119009.0,3051041.0,2.61,3.13,1.87
2024-06-12,3.0,3.0,2.635,2.65,11953.0,2.3113900000000003,2.410401540072345,0.18703125751728766,65.36796497179589,0.8399999999999999,3.169653247310646,1.4531267526893548,0.21217142857142848,119349.05,3062994.0,2.64,2.62,1.81
2024-06-13,2.56,2.7173,2.56,2.6517,3093.0,2.346975,2.4333823457797408,0.18293434713093815,68.66058002395961,0.15169999999999995,3.1993993541063857,1.4945506458936146,0.2155499999999999,119303.9,3066087.0,2.65,2.5,2.5
2024-06-14,2.7,2.7,2.44,2.52,6722.0,2.373975,2.44163164618167,0.16713381242579972,64.63372604593606,-0.33999999999999986,3.2115361936795424,1.5364138063204582,0.2298357142857142,119247.9,3059365.0,2.6517,2.56,2.86
2024-06-17,2.54,2.559,2.425,2.425,3596.0,2.39374,2.4400476798786537,0.14527146983040806,61.6186564802122,-0.5250000000000004,3.215603319152538,1.5718766808474625,0.23654999999999995,115781.6,3055769.0,2.52,2.61,2.95
2024-06-18,2.4,2.4,2.22,2.32,14813.0,2.4113350000000002,2.428614567509258,0.11811127026119284,60.47916460643203,-0.81,3.209557795108975,1.6131122048910256,0.24869285714285708,115880.8,3040956.0,2.425,2.64,3.13
2024-06-20,2.22,2.29,2.2,2.22,5567.0,2.422335,2.4087465134607573,0.08750870637787278,42.40533764040647,-0.3999999999999999,3.202551008618939,1.6421189913810608,0.2265499999999999,115892.95,3035389.0,2.32,2.65,2.62
2024-06-21,2.22,2.4034,2.22,2.37,2410.0,2.443835,2.4050563693216374,0.07450090026034806,35.000611919916395,-0.1299999999999999,3.191089306814378,1.6965806931856218,0.21287142857142852,115332.7,3037799.0,2.22,2.6517,2.5
2024-06-24,2.27,2.35,2.2,2.28,8973.0,2.466335,2.393146238910053,0.05628109896946487,29.490632782619755,-0.28000000000000025,3.161017243983009,1.7716527560169908,0.20679999999999993,115254.75,3028826.0,2.37,2.52,2.56
2024-06-25,2.4,2.52,2.4,2.41,13106.0,2.4948349999999997,2.394751359013857,0.051735316088966865,27.26411495408766,-0.19999999999999973,3.1251071793838507,1.8645628206161486,0.1875142857142857,115763.15,3041932.0,2.28,2.425,2.61
2024-06-26,2.535,2.67,2.47,2.67,30915.0,2.534835,2.420965515298252,0.0683249695599697,51.87490571002798,0.029999999999999805,3.09588070514635,1.9737892948536504,0.17251428571428568,117011.55,3072847.0,2.41,2.32,2.64
2024-06-27,2.8,3.02,2.6501,2.73,29632.0,2.580835,2.4503973709841325,0.08533025391685323,59.030940139443096,0.08000000000000007,3.031694283800923,2.129975716199077,0.19250714285714285,118182.8,3102479.0,2.67,2.22,2.65
2024-06-28,2.81,2.81,2.65,2.71,7678.0,2.591335,2.4751214308904057,0.09608561627124468,56.080751755204695,0.05830000000000002,3.044045258333084,2.138624741666916,0.18568571428571426,30065.05,3094801.0,2.73,2.37,2.6517
2024-07-01,2.79,2.89,2.68,2.745,4225.0,2.585585,2.500824151757986,0.10620921220722579,55.54005188972364,0.2250000000000001,3.0267001050403337,2.1444698949596663,0.1978285714285714,20446.5,3099026.0,2.71,2.28,2.52
2024-07-02,2.85,2.88,2.67,2.76,5686.0,2.576085,2.525507565876273,0.11412702425732713,54.98587271912728,0.33499999999999996,2.9915959335441658,2.160574066455834,0.19925714285714285,17399.8,3104712.0,2.745,2.41,2.425
2024-07-03,2.86,2.86,2.71,2.8,1861.0,2.559585,2.551649702459485,0.12222072855411925,56.080751755204695,0.48,2.9023156585582868,2.2168543414417137,0.18389999999999995,13541.8,3106573.0,2.76,2.67,2.32
2024-07-05,2.67,2.77,2.65,2.65,32724.0,2.561085,2.5610163974633435,0.11520330916370325,49.93848107466256,0.4299999999999997,2.9051888232247673,2.2169811767752323,0.18123571428571422,12982.15,3073849.0,2.8,2.73,2.22
2024-07-08,2.7,2.79,2.7,2.74,5557.0,2.573085,2.578062454847787,0.1155719599202012,58.20895461572735,0.3700000000000001,2.9248727785795037,2.221297221420496,0.1690928571428571,10089.1,3079406.0,2.65,2.71,2.37
2024-07-09,2.7,2.72,2.7,2.7,2783.0,2.580085,2.589675554386093,0.11135284631383024,60.700388443731185,0.4200000000000004,2.9363199152485095,2.2238500847514904,0.16094999999999995,9984.35,3076623.0,2.74,2.745,2.28
2024-07-10,3.26,4.15,3.07,4.03,983232.0,2.651085,2.726849311111227,0.21287516021912856,84.06374455103888,1.62,3.39140205092801,1.9107679490719902,0.22523571428571426,59031.2,4059855.0,2.7,2.76,2.41
2024-07-11,4.03,4.14,3.576,3.59,81611.0,2.698585,2.8090541386244436,0.25488979195552197,74.0350873556171,0.9199999999999999,3.549546418570047,1.847623581429953,0.2590928571428571,62806.85,3978244.0,4.03,2.8,2.67
2024-07-12,3.57,3.98,3.37,3.98,56033.0,2.765085,2.9205727920887825,0.31601362246843445,76.0517795907039,1.25,3.7901253581785195,1.7400446418214806,0.28956428571428566,65010.85,4034277.0,3.59,2.65,2.73
2024-07-15,3.75,3.9899,3.6,3.9,39406.0,2.8274999999999997,3.0138515737946125,0.35391960226501995,76.29870095188902,1.19,3.968886506795462,1.6861134932045372,0.3066999999999999,66826.5,3994871.0,3.98,2.74,2.71
2024-07-16,3.81,3.98,3.78,3.86,14907.0,2.8945,3.0944371381951257,0.3763938644811282,74.24749129114886,1.1149999999999998,4.114495254520543,1.674504745479457,0.31241428571428564,67235.75,3979964.0,3.9,2.7,2.745
2024-07-17,3.75,4.01,3.67,3.9,5485.0,2.96825,3.1711574107479708,0.39290339908634886,72.20216570006124,1.1400000000000001,4.245719847208273,1.6907801527917266,0.3224142857142857,67330.2,3985449.0,3.86,4.03,2.76
2024-07-18,3.77,3.89,3.53,3.54,16651.0,3.0292499999999998,3.206285276391021,0.37264273940488035,63.192182122250635,0.7400000000000002,4.292821692090578,1.765678307909422,0.32170714285714286,67422.1,3968798.0,3.9,3.59,2.8
2024-07-19,3.7,3.73,3.52,3.61,2303.0,3.09875,3.2447342976871143,0.3581064078480991,64.42307663399902,0.96,4.327330160399121,1.8701698396008786,0.3252785714285714,67258.9,3971101.0,3.54,3.98,2.65
2024-07-22,3.64,3.64,3.12,3.42,13685.0,3.15125,3.2614262693359604,0.3274798642720351,60.305343253656545,0.6799999999999997,4.337725874175289,1.9647741258247113,0.3474214285714286,67822.65,3957416.0,3.61,3.9,2.74
2024-07-23,3.2,3.74,3.16,3.63,52244.0,3.21875,3.296528529399202,0.3165048814915976,62.53602280244832,0.9299999999999997,4.348789007244774,2.0887109927552263,0.37385,69986.2,4009660.0,3.42,3.86,2.7
2024-07-24,3.57,3.83,3.3701,3.6,3111.0,3.27825,3.3254305742183257,0.301906192634104,61.56069339252899,-0.43000000000000016,4.352950815159867,2.2035491848401336,0.39598571428571433,69486.45,4006549.0,3.63,3.9,4.03
2024-07-25,3.45,3.45,3.27,3.33,4737.0,3.31125,3.3258657576261044,0.26548948554021345,59.49720647123998,-0.2599999999999998,4.347142064078623,2.2753579359213765,0.4002714285714286,68177.55,4001812.0,3.6,3.54,3.59
2024-07-26,3.2,3.43,3.2,3.37,2084.0,3.34325,3.3300690188045707,0.2371232393995868,58.92351251418437,-0.6099999999999999,4.342430058584889,2.3440699414151105,0.4102714285714287,66800.15,4003896.0,3.33,3.61,3.98
2024-07-29,3.57,3.68,3.48,3.58,12288.0,3.38675,3.3538719693946115,0.228948850061939,61.89189165770635,-0.31999999999999984,4.34475381825413,2.4287461817458698,0.42312857142857146,67030.65,4016184.0,3.37,3.42,3.9
2024-07-30,3.48,3.65,3.39,3.65,11000.0,3.432,3.382074638976077,0.2255193558404267,42.21311451189196,-0.20999999999999996,4.346896600427449,2.5171033995725507,0.3645571428571429,67369.4,4027184.0,3.58,3.63,3.86
2024-07-31,3.55,3.625,3.49,3.6,10758.0,3.4739999999999993,3.40282943526407,0.21627380503637594,50.2439020958953,-0.2999999999999998,4.3345114758096015,2.613488524190397,0.3339142857142857,67623.0,4016426.0,3.65,3.6,3.9
2024-08-01,3.52,3.6,3.32,3.55,7657.0,3.5114999999999994,3.4168456795246347,0.20257687714658745,37.426900278376245,0.009999999999999787,4.311586179568715,2.711413820431284,0.3103428571428572,67912.8,4008769.0,3.6,3.33,3.54
2024-08-02,3.45,3.69,3.45,3.53,4029.0,3.5555,3.4276222814746693,0.18794165584284395,38.787878458769505,-0.08000000000000007,4.245289441557517,2.8657105584424825,0.29963571428571434,66478.05,4004740.0,3.55,3.37,3.61
2024-08-05,3.41,3.41,3.06,3.155,8392.0,3.5762499999999995,3.401658254667558,0.14441899923757795,32.241813374616925,-0.2650000000000001,4.182679368473682,2.9698206315263165,0.31035000000000007,66619.8,3996348.0,3.53,3.58,3.42
2024-08-06,3.28,3.43,3.28,3.39,3728.0,3.6107499999999995,3.4005479446992193,0.1274206899179693,38.30275204759701,-0.23999999999999977,4.067261658927638,3.1542383410723613,0.2967785714285715,66667.05,4000076.0,3.155,3.65,3.63
2024-08-07,3.3,3.31,3.29,3.29,1345.0,3.5737500000000004,3.3900195690135795,0.10467363060317592,43.48958301622179,-0.31000000000000005,4.006524099332035,3.1409759006679665,0.2724928571428572,17572.7,3998731.0,3.39,3.6,3.6
2024-08-08,3.262,3.5999,3.262,3.38,1912.0,3.56325,3.3890653243456197,0.09283848576970799,44.072164630407066,0.04999999999999982,4.004471689117149,3.1220283108828513,0.2816285714285715,13587.75,4000643.0,3.29,3.55,3.33
2024-08-09,3.3,3.4,3.27,3.33,3269.0,3.53075,3.3834400553603228,0.0785193439720655,47.49999963055556,-0.040000000000000036,3.937097984134962,3.1244020158650376,0.2537714285714286,10949.55,3997374.0,3.38,3.53,3.37
2024-08-12,3.33,3.34,3.24,3.34,8535.0,3.50275,3.3793029072307683,0.0672035565917648,40.937499641796876,-0.2400000000000002,3.877947842547971,3.1275521574520284,0.21948571428571428,9406.0,4005909.0,3.33,3.155,3.58
2024-08-13,3.4,3.42,3.3231,3.4,3375.0,3.47975,3.381274058923076,0.06235838349399314,43.86503029809176,-0.25,3.817240350739285,3.142259649260715,0.19355714285714282,8829.4,4009284.0,3.34,3.39,3.65
2024-08-14,3.58,3.58,3.288,3.4,7990.0,3.4547499999999998,3.383057481882783,0.05785167085615628,52.573528870566605,-0.20000000000000018,3.7293880393019125,3.180111960698087,0.20155714285714282,8954.65,4009284.0,3.4,3.29,3.6
2024-08-15,3.54,3.54,3.11,3.21,4395.0,3.43825,3.3665758169415656,0.03850479719479516,44.70198634051138,-0.33999999999999986,3.7304156883922275,3.1460843116077726,0.21584285714285714,8341.85,4004889.0,3.4,3.38,3.55
2024-08-16,3.35,3.35,3.21,3.27,1040.0,3.4212499999999997,3.357378120089988,0.0276945138708391,38.60294077908737,-0.2599999999999998,3.7108936104122634,3.131606389587736,0.2115571428571428,8278.7,4005929.0,3.21,3.33,3.53
2024-08-19,3.35,3.35,3.06,3.06,4276.0,3.40325,3.329056394367132,0.002157174936234796,30.333333050222237,-0.09499999999999975,3.7349168429868462,3.0715831570131535,0.21369999999999997,7808.25,4001653.0,3.27,3.34,3.155
2024-08-20,3.05,3.37,3.05,3.27,5658.0,3.38525,3.3234319758559763,-0.0011231581405857227,40.06024062599796,-0.1200000000000001,3.7039228234742834,3.066577176525717,0.2269142857142857,5478.95,4007311.0,3.06,3.4,3.39
2024-08-21,3.18,3.39,3.18,3.33,9360.0,3.37175,3.3240575019649308,0.0011059046388521843,43.41317328875184,0.040000000000000036,3.6746009273727673,3.0688990726272327,0.2219142857142857,5791.4,4016671.0,3.27,3.4,3.29
2024-08-22,3.41,3.5,3.33,3.36,6912.0,3.3732499999999996,3.3274805970158896,0.005232880836536946,44.94047581597223,-0.020000000000000018,3.6755268859663146,3.0709731140336847,0.21691428571428575,5900.15,4023583.0,3.33,3.21,3.38
2024-08-23,3.34,3.55,3.34,3.37,2514.0,3.37325,3.331530063966757,0.009204353574104207,58.1749043236132,0.040000000000000036,3.675526885966315,3.070973114033685,0.2069142857142857,5921.65,4026097.0,3.36,3.27,3.33
2024-08-26,3.35,3.3983,3.35,3.37,1021.0,3.3627499999999997,3.3351938673984947,0.012211013370476032,49.07407343792868,0.03000000000000025,3.6489496910513934,3.076550308948606,0.19964999999999997,5358.3,4026097.0,3.37,3.06,3.34
2024-08-27,3.44,3.44,3.18,3.2,1534.0,3.3402499999999997,3.3223182609795905,0.0008662481063885785,46.08695596068054,-0.19999999999999973,3.600987314875411,3.0795126851245884,0.21679285714285715,4885.0,4024563.0,3.37,3.27,3.4
2024-08-28,3.11,3.15,2.7,2.7,15067.0,3.2952500000000002,3.2630498551720106,-0.04791801239262927,28.20512795200527,-0.6999999999999997,3.657951486654067,2.9325485133459335,0.22479999999999992,5100.45,4009496.0,3.2,3.33,3.4
2024-08-29,2.82,2.89,2.7,2.7,26321.0,3.2527500000000003,3.209426059441343,-0.0855932248928939,29.139072577518533,-0.5099999999999998,3.682725213483921,2.8227747865160797,0.22908571428571425,6033.65,4009496.0,2.7,3.36,3.21
2024-08-30,2.7,2.97,2.65,2.65,19165.0,3.2087499999999998,3.156147387113596,-0.11812402414510448,27.741935233298662,-0.6200000000000001,3.6956075388734475,2.721892461126552,0.2448,6790.45,3990331.0,2.7,3.37,3.27
2024-09-03,2.65,2.8,2.516,2.56,14294.0,3.179,3.09937144548373,-0.14944446202837014,23.41772131148855,-0.5,3.7458342373495044,2.6121657626504953,0.25816428571428574,7085.55,3976037.0,2.65,3.37,3.06
2024-09-04,2.53,2.76,2.53,2.685,5872.0,3.14375,3.0599074982948036,-0.16230868587631253,29.032257826128102,-0.585,3.7421414842484535,2.545358515751546,0.2537357142857143,7192.75,3981909.0,2.56,3.2,3.27
2024-09-05,2.76,2.86,2.76,2.85,1885.0,3.1217499999999996,3.0399163079810125,-0.15737542894109557,39.28571395833334,-0.48,3.7297776569194543,2.513722343080545,0.23016428571428568,7219.75,3983794.0,2.685,2.7,3.33
2024-09-06,2.75,2.75,2.5,2.52,9399.0,3.0787500000000003,2.990400469125678,-0.17804167573597418,30.769230548323478,-0.8399999999999999,3.729982636903615,2.4275173630963858,0.23802142857142858,7594.1,3974395.0,2.85,2.7,3.36
2024-09-09,2.63,2.79,2.6,2.61,5771.0,3.04275,2.9541718530184706,-0.1850247274913066,37.70491774433396,-0.7600000000000002,3.714773456670824,2.3707265433291758,0.2308785714285714,7719.2,3980166.0,2.52,2.65,3.37
2024-09-10,2.635,2.98,2.56,2.79,24103.0,3.01525,2.938536438445283,-0.17402826117698478,36.66666638148149,-0.5800000000000001,3.681041772411269,2.349458227588731,0.23802142857142852,8497.6,4004269.0,2.61,2.56,3.37
2024-09-11,2.93,2.93,2.79,2.85,14436.0,2.98775,2.930104396688589,-0.158643243282778,36.66666638148149,-0.3500000000000001,3.631705498625906,2.343794501374094,0.23302142857142855,9050.65,4018705.0,2.79,2.685,3.2
2024-09-12,2.78,2.9682,2.78,2.94,11437.0,2.96475,2.9310468350992,-0.13760206694762456,38.70967712799169,0.23999999999999977,3.578877322646587,2.350622677353413,0.23432142857142857,9223.0,4030142.0,2.85,2.85,2.7
2024-09-13,3.03,3.03,2.87,2.99,7615.0,2.9537500000000003,2.9366614222326093,-0.11556009612212481,39.999999705263164,0.29000000000000004,3.557168986844318,2.3503310131556825,0.23074999999999996,9384.0,4037757.0,2.94,2.52,2.7
2024-09-16,3.14,3.14,3.02,3.02,1027.0,2.94125,2.9445984296390275,-0.09458065919510439,40.93264219012591,0.3700000000000001,3.5271894166635422,2.355310583336458,0.2358714285714285,9383.35,4038784.0,2.99,2.61,2.65
2024-09-17,2.94,3.08,2.8499,3.07,4896.0,2.94175,2.9565414363400726,-0.0730773321537086,46.40883942004211,0.5099999999999998,3.5281329806534396,2.35536701934656,0.23373571428571424,9414.35,4043680.0,3.02,2.79,2.56
2024-09-18,2.8,3.07,2.7999,2.92,16690.0,2.92425,2.95306129954578,-0.0673630180070024,57.53424602364421,0.23499999999999988,3.489910070881342,2.3585899291186574,0.22088571428571432,9965.95,4026990.0,3.07,2.85,2.685
2024-09-19,2.9,3.08,2.9,3.07,1016.0,2.91125,2.964198318636658,-0.05015250956850359,61.49068269511207,0.21999999999999975,3.448904506557012,2.3735954934429877,0.22017142857142855,9548.75,4028006.0,2.92,2.94,2.85
2024-09-20,2.95,3.07,2.86,2.86,1699.0,2.88625,2.9542746692426904,-0.05284909116549397,55.932202947428905,0.33999999999999986,3.3808191905189178,2.391680809481082,0.21231428571428568,9288.1,4026307.0,3.07,2.99,2.52
2024-09-23,2.84,2.94734,2.692881,2.83,3342.0,2.8592500000000003,2.942438986457672,-0.056752691092636365,57.89473636811328,0.2200000000000002,3.29848707781371,2.4200129221862907,0.2102042142857143,9329.5,4022965.0,2.86,3.02,2.61
2024-09-24,2.83,2.83,2.775,2.83,20372.0,2.83225,2.931730511556941,-0.05916431278947165,54.574132010070755,0.040000000000000036,3.1998377983199315,2.4646622016800688,0.19770421428571433,10297.05,4022965.0,2.83,3.07,2.79
2024-09-25,2.89,2.9768,2.7395,2.9,16196.0,2.81725,2.9287085580753276,-0.05479547722145517,51.677851863429574,0.04999999999999982,3.1438509153305407,2.4906490846694593,0.20751135714285715,11030.15,4039161.0,2.83,2.92,2.85
2024-09-26,2.95,3.1799,2.8,2.88,39085.0,2.8262500000000004,2.924069647782439,-0.05234359206437933,65.2542365139328,-0.06000000000000005,3.1491460236752284,2.5033539763247723,0.2167899285714286,12231.05,4000076.0,2.9,3.07,2.94
2024-09-27,2.88,3.17,2.8,3.01,41965.0,2.84175,2.932253490850778,-0.03945572087861571,66.39344186105888,0.019999999999999574,3.168862969380385,2.5146370306196153,0.2296470714285715,13013.25,4042041.0,2.88,2.86,2.99
2024-09-30,3.21,3.3,2.99,3.19,46848.0,2.86875,2.9568007774364182,-0.014549773701193924,66.39344186105888,0.16999999999999993,3.2176411004884056,2.5198588995115943,0.22178992857142862,14397.4,4088889.0,3.01,2.83,3.02
2024-10-01,3.15,3.15,2.6999,2.95,37255.0,2.88825,2.9561530843472354,-0.01401605698042463,53.5714280357143,-0.11999999999999966,3.20675431708222,2.5697456829177803,0.24393992857142857,15545.45,4051634.0,3.19,2.83,3.07
2024-10-02,3.05,3.33,3.05,3.33,20724.0,2.9204999999999997,2.9917575525046414,0.01687521460233521,61.53846102867548,0.41000000000000014,3.280293800596091,2.560706199403908,0.2504970714285714,16288.05,4072358.0,2.95,2.9,2.92
2024-10-03,3.31,3.325,3.2,3.24,8236.0,2.9400000000000004,3.0153996903613423,0.033705980491143706,57.22543306291557,0.17000000000000037,3.3250905566774103,2.5549094433225905,0.2479970714285715,16605.6,4064122.0,3.33,2.88,3.07
2024-10-04,3.16,3.28,3.0784,3.27,15553.0,2.9775,3.0396473388983574,0.04890152663762315,57.22543306291557,0.41000000000000014,3.335498823873416,2.619501176126584,0.25382564285714293,16913.3,4079675.0,3.24,3.01,2.86
2024-10-07,3.4,3.4899,3.2,3.225,26031.0,3.00825,3.05729997328899,0.05665984311563621,54.49275318092839,0.395,3.3378634099213995,2.6786365900786,0.2580970714285714,17926.3,4053644.0,3.27,3.19,2.83
2024-10-08,3.11,3.135,3.05,3.05,2456.0,3.02125,3.0566047377376573,0.04813248601930109,53.71428528457143,0.21999999999999975,3.334734239509845,2.7077657604901555,0.24487564285714283,16843.95,4051188.0,3.225,2.95,2.83
2024-10-09,2.99,3.1,2.99,3.08,3031.0,3.03275,3.0588328579531185,0.04329615227115058,50.30674803417517,0.18000000000000016,3.336506741315728,2.7289932586842722,0.23987564285714288,16273.7,4054219.0,3.05,3.33,2.9
2024-10-10,3.003,3.003,2.98,2.98,843.0,3.03475,3.051324966719488,0.031036390477049647,53.94736792416898,0.10000000000000009,3.3364552413061332,2.7330447586938664,0.2265185,15744.0,4053376.0,3.08,3.24,2.88
2024-10-11,2.95,3.16,2.71,3.16,5313.0,3.04325,3.0616749698890606,0.03543644729913842,59.880239018968055,0.15000000000000036,3.3491959016506927,2.7373040983493073,0.24048571428571425,15628.9,4058689.0,2.98,3.27,3.01
2024-10-14,3.15,3.15,2.93,3.12,1956.0,3.04825,3.067229734661531,0.03528906791711561,58.4795316849629,-0.06999999999999984,3.3558600573265354,2.7406399426734644,0.25227142857142854,15675.35,4056733.0,3.16,3.225,3.19
2024-10-15,3.0373,3.12,2.9,3.11,14468.0,3.0502499999999997,3.0713030932651946,0.03397372432247803,56.363635885399454,0.1599999999999997,3.3589736031758957,2.7415263968241037,0.2510357142857143,16153.95,4042265.0,3.12,3.05,2.95
2024-10-16,3.15,3.15,2.99,2.99,2832.0,3.05375,3.0635599415256523,0.022983369947178645,53.142856717714295,-0.33999999999999986,3.357808079631979,2.749691920368021,0.23532857142857136,15461.05,4039433.0,3.11,3.08,3.33
2024-10-17,2.99,3.0,2.99,2.9908,928.0,3.0497900000000002,3.056630423285114,0.014174592360295613,49.40769947451396,-0.2492000000000001,3.3550177003363966,2.744562299663604,0.20961428571428561,15456.65,4040361.0,2.99,2.98,3.24
2024-10-18,2.99,3.05,2.99,3.05,594.0,3.05929,3.0559989544008173,0.011834101745281878,45.33333291022222,-0.2200000000000002,3.3511816734897466,2.767398326510253,0.19175714285714276,15401.4,4040955.0,2.9908,3.16,3.27
2024-10-21,2.99,3.0,2.86,2.86,1574.0,3.06079,3.037332387315025,-0.005291172687773127,46.896551271343625,-0.3650000000000002,3.347991069489309,2.773588930510691,0.16960714285714282,15313.0,4039381.0,3.05,3.12,3.225
2024-10-22,2.96,2.98,2.8721,2.89,2852.0,3.06379,3.0233007313802607,-0.016254949834078936,29.999999618181832,-0.1599999999999997,3.341951769668796,2.785628230331204,0.15731428571428566,14437.0,4042233.0,2.86,3.11,3.05
2024-10-23,2.82,2.8421,2.82,2.84,8711.0,3.06079,3.005843518867855,-0.02864816611861709,31.132075060519753,-0.2400000000000002,3.3475509156367993,2.7740290843632005,0.14996428571428563,14062.75,4033522.0,2.89,2.99,3.08
2024-10-24,2.97,2.97,2.97,2.97,1320.0,3.06529,3.00242985040425,-0.027661105759161142,37.06896506985734,-0.009999999999999787,3.3427802399421847,2.7877997600578155,0.13556428571428564,12174.5,4034842.0,2.84,2.9908,2.98
2024-10-25,2.9584,2.97,2.85,2.85,958.0,3.05729,2.9879127217943213,-0.03614519116674719,34.817813370486334,-0.31000000000000005,3.35028425465898,2.76429574534102,0.12342857142857137,10124.15,4033884.0,2.97,3.05,3.16
2024-10-28,2.97,2.97,2.86,2.93,4569.0,3.04429,2.9823972244805765,-0.03599858923640298,44.73684155586337,-0.18999999999999995,3.335558571307638,2.7530214286923624,0.1252142857142857,8010.2,4038453.0,2.85,2.86,3.12
2024-10-29,3.02,3.02,2.86,2.9178,4056.0,3.04268,2.9762451078633787,-0.036446709214194684,42.77312368666572,-0.1921999999999997,3.336487968793103,2.7488720312068966,0.12878571428571428,6350.25,4034397.0,2.93,2.89,3.11
2024-10-30,2.86,2.86,2.86,2.86,3957.0,3.01918,2.9651741452097236,-0.040993279462105736,44.44444386831277,-0.13000000000000034,3.290554292697108,2.747805707302892,0.12714285714285714,5511.9,4030440.0,2.9178,2.84,2.99
2024-10-31,2.9,2.9,2.57,2.77,5893.0,2.99568,2.946586131380226,-0.05126773444871313,30.303029874502613,-0.2208000000000001,3.2679388675275467,2.7234211324724535,0.11857142857142855,5394.75,4024547.0,2.86,2.97,2.9908
2024-11-01,2.77,2.981,2.77,2.92,7600.0,2.97818,2.9440541188678235,-0.04676746146741362,40.90909038842976,-0.1299999999999999,3.219424244872752,2.736935755127248,0.11792857142857141,4997.1,4032147.0,2.77,2.85,3.05
2024-11-04,2.88,2.88,2.72,2.72,5387.0,2.95293,2.9227156313566023,-0.05866305999795607,34.88372055164956,-0.13999999999999968,3.191093933811219,2.7147660661887807,0.11364285714285709,3964.9,4026760.0,2.92,2.93,2.86
2024-11-05,2.71,2.8302,2.51,2.66,11378.0,2.93343,2.897695095036926,-0.07210077326260578,36.585365437239744,-0.22999999999999998,3.200267297953193,2.666592702046807,0.12508571428571427,4411.0,4015382.0,2.72,2.9178,2.89
2024-11-06,2.8,2.8,2.42,2.42,4203.0,2.90043,2.852200324081028,-0.10095253410213179,30.574462001060127,-0.41999999999999993,3.2433456047776392,2.557514395222361,0.1515142857142857,4469.6,4011179.0,2.66,2.86,2.84
2024-11-07,2.47,2.74,2.47,2.6201,9763.0,2.882435,2.8300955313114065,-0.10644434063917352,36.649897203218096,-0.3499000000000003,3.244980069575768,2.5198899304242324,0.16651428571428575,4915.6,4020942.0,2.42,2.77,2.97
2024-11-08,2.74,2.74,2.65,2.65,1184.0,2.856935,2.8129435759484154,-0.10714881196434423,42.75862027681333,-0.20000000000000018,3.208866095379125,2.505003904620875,0.1629428571428572,4709.15,4022126.0,2.6201,2.92,2.85
2024-11-11,2.56,2.6099,2.42,2.545,13608.0,2.8281850000000004,2.7874251401438044,-0.11485574748156768,38.688524234990595,-0.38500000000000023,3.183559555704428,2.4728104442955727,0.16880000000000006,5291.75,4008518.0,2.65,2.72,2.93
2024-11-12,2.5,2.56,2.41,2.41,3521.0,2.7931850000000003,2.7514798887015375,-0.13035427818608936,36.645962414258726,-0.5078,3.168990550363781,2.4173794496362193,0.17793571428571434,4744.4,4004997.0,2.545,2.66,2.9178
2024-11-13,2.4,2.59,2.4,2.53,8775.0,2.770185,2.7303865659680575,-0.13143883326021033,36.24999968281249,-0.33000000000000007,3.1515376632783463,2.388832336721654,0.1915071428571429,5041.55,4013772.0,2.41,2.42,2.86
2024-11-14,2.04,2.81,2.04,2.69,16859.0,2.7551449999999997,2.726540226352052,-0.11802714469144915,45.12195083432481,-0.08000000000000007,3.123363021657955,2.3869269783420446,0.23793571428571433,5838.1,4030631.0,2.53,2.6201,2.77
2024-11-15,2.78,3.0,2.68,2.68,5095.0,2.736645,2.722107823842333,-0.10697209359407944,42.038216185646476,-0.23999999999999977,3.078740317434397,2.3945496825656036,0.2529357142857143,6063.15,4025536.0,2.69,2.65,2.92
2024-11-18,2.59,2.66,2.56,2.66,2836.0,2.7266450000000004,2.716192793000206,-0.09868711517198436,41.83039638380938,-0.06000000000000005,3.0652323841962463,2.3880576158037545,0.24865,6126.25,4022700.0,2.68,2.545,2.72
2024-11-19,2.54,2.73,2.44,2.44,4136.0,2.704145,2.689888717476377,-0.10862125327230077,37.93103417756639,-0.2200000000000002,3.056550935041744,2.351739064958256,0.2693642857142857,6190.45,4018564.0,2.66,2.41,2.66
2024-11-20,2.56,2.56,2.45,2.45,1121.0,2.684645,2.667042172954817,-0.11436884006574388,40.3614454427348,0.03000000000000025,3.048377211936219,2.320912788063781,0.25365,5810.95,4019685.0,2.44,2.53,2.42
2024-11-21,2.44,2.64,2.44,2.47,2540.0,2.6596450000000003,2.648276251721025,-0.11597314493165634,35.294117324106125,-0.15009999999999968,3.009253903144513,2.3100360968554874,0.2528642857142857,5871.95,4022225.0,2.45,2.69,2.6201
2024-11-22,2.43,2.55,2.43,2.52,2116.0,2.6431449999999996,2.6360594658428322,-0.1119198436735469,42.75362275467339,-0.1299999999999999,2.986010948793577,2.3002790512064224,0.25000714285714287,5929.85,4024341.0,2.47,2.68,2.65
2024-11-25,2.62,2.68,2.48,2.6301,11072.0,2.62815,2.6354918976673245,-0.0986858344978625,48.95461807890032,0.08510000000000018,2.943305236602392,2.3129947633976085,0.2414214285714286,6255.0,4035413.0,2.52,2.66,2.545
2024-11-26,2.5926,3.065,2.5926,2.9,29160.0,2.62726,2.6606831455085316,-0.06566219956542874,66.43835552730344,0.48999999999999977,2.939053746941137,2.3154662530588634,0.2480214285714286,7510.2,4064573.0,2.6301,2.44,2.41
2024-11-27,2.77,2.79,2.6166,2.63,4840.0,2.61576,2.6577609411743857,-0.06057915567739469,50.32355009835303,0.10000000000000009,2.9077468302726106,2.323773169727389,0.24112142857142857,7554.35,4059733.0,2.9,2.45,2.53
2024-11-29,2.8,2.8,2.48,2.48,8284.0,2.60126,2.640831327729206,-0.06787216510209948,44.848484467952254,-0.20999999999999996,2.8897782719745364,2.3127417280254634,0.25755,7673.9,4051449.0,2.63,2.47,2.69
2024-12-02,2.48,2.56,2.42,2.44,30604.0,2.57726,2.621704534612139,-0.07600347259891649,46.68769674849984,-0.2400000000000002,2.8320221669012597,2.32249783309874,0.25398571428571426,8824.1,4020845.0,2.48,2.52,2.68
2024-12-03,2.25,2.45,2.25,2.45,3726.0,2.56376,2.6053517217919353,-0.08071029787307404,51.3698625211109,-0.20999999999999996,2.815268404379852,2.3122515956201477,0.2575571428571429,8741.05,4024571.0,2.44,2.6301,2.66
2024-12-04,2.22,2.6,2.22,2.59,1868.0,2.56026,2.6038896530498463,-0.07231011485002092,52.02702653487948,0.1499999999999999,2.8080500928311665,2.3124699071688335,0.27112857142857144,8265.55,4026439.0,2.45,2.9,2.44
2024-12-05,2.3,2.5488,2.3,2.5,9571.0,2.56426,2.5939954003784322,-0.07208421516129171,43.26241091796188,0.04999999999999982,2.804999242203794,2.323520757796206,0.2339,8533.95,4016868.0,2.59,2.63,2.45
2024-12-06,2.39,2.435,2.14,2.43,8136.0,2.5547549999999997,2.5783767908185817,-0.07666980127226264,41.49659824425009,-0.040000000000000036,2.8011559609943966,2.3083540390056028,0.23211428571428572,8452.6,4008732.0,2.5,2.48,2.47
2024-12-09,2.4,2.5665,2.4,2.4801,4043.0,2.5462599999999997,2.5690170964549073,-0.07539218581764784,44.00373267378691,-0.039899999999999824,2.7905407995988356,2.301979200401164,0.23686428571428572,8595.55,4012775.0,2.43,2.44,2.52
2024-12-10,2.48,2.48,2.43,2.43,2398.0,2.54051,2.5557773729830116,-0.07752861603618966,49.624116151903756,-0.20009999999999994,2.790268122148134,2.2907518778518656,0.21972142857142857,8035.05,4010377.0,2.4801,2.45,2.6301
2024-12-11,2.45,2.45,2.4,2.45,1778.0,2.54251,2.54570333746082,-0.07672349878819817,49.9999994776899,-0.44999999999999973,2.7884796249968025,2.2965403750031976,0.2154357142857143,7947.9,4012155.0,2.43,2.59,2.9
2024-12-12,2.4,2.76,2.4,2.69,13283.0,2.55051,2.5594458767502655,-0.05607306790972899,57.05037764472164,0.06000000000000005,2.8050257705795443,2.295994229420456,0.2268642857142857,8173.3,4025438.0,2.45,2.5,2.63
2024-12-13,2.69,2.8347,2.55,2.69,5998.0,2.55051,2.57187960277405,-0.03925494607719893,55.628393074561316,0.20999999999999996,2.8050257705795443,2.295994229420456,0.23862857142857147,7630.25,4025438.0,2.69,2.43,2.48
2024-12-16,2.68,2.68,2.5281,2.5281,2662.0,2.542915,2.5677101167955687,-0.03854610480010834,46.73495476678016,0.08809999999999985,2.790121576943708,2.2957084230562916,0.2351928571428572,7508.6,4022776.0,2.69,2.4801,2.44
2024-12-17,2.7,2.7,2.46,2.605,4662.0,2.540165,2.5712615342436096,-0.031417000041138454,39.225711797545685,0.1549999999999998,2.783073726848095,2.297256273151905,0.21859285714285723,7599.9,4027438.0,2.5281,2.43,2.45
2024-12-18,2.45,2.59,2.4,2.56,8746.0,2.546165,2.5701890071727895,-0.029063234203866806,46.940558866112056,-0.029999999999999805,2.784542182544617,2.3077878174553828,0.21977857142857152,7830.4,4018692.0,2.605,2.45,2.59
2024-12-19,2.56,2.56,2.4199,2.4199,1623.0,2.54466,2.555875768394429,-0.03806397909825954,47.35032125658718,-0.08009999999999984,2.7859557687155223,2.3033642312844775,0.20692857142857152,7855.5,4017069.0,2.56,2.69,2.5
2024-12-20,2.41,2.41,2.32,2.37,5857.0,2.53966,2.538173314261626,-0.04866269399730161,46.940558866112056,-0.06000000000000005,2.7913884786181002,2.2879315213819,0.20335714285714296,8021.35,4011212.0,2.4199,2.69,2.43
2024-12-23,2.34,2.37,2.34,2.36,3402.0,2.53166,2.5212044271890903,-0.057209690639031585,46.066433002683496,-0.12010000000000032,2.7958790191967227,2.2674409808032774,0.1912142857142858,8085.65,4007810.0,2.37,2.5281,2.4801
2024-12-24,2.34,2.38,2.34,2.38,1067.0,2.519155,2.5077563865044152,-0.06165865164735029,39.74609320659639,-0.050000000000000266,2.787400115519398,2.250909884480602,0.16692857142857154,7585.4,4008877.0,2.36,2.605,2.43
2024-12-26,2.34,2.4,2.34,2.4,1719.0,2.494155,2.497493873503995,-0.06284620056671919,44.75890919641014,-0.050000000000000266,2.698550565664163,2.289759434335837,0.15344285714285724,6213.35,4010596.0,2.38,2.56,2.45
2024-12-27,2.4,2.41,2.38,2.41,919.0,2.483155,2.4891611236464715,-0.062262699571162816,48.88143100185679,-0.2799999999999998,2.680319932026636,2.285990067973364,0.13451428571428584,6017.3,4011515.0,2.4,2.4199,2.69
2024-12-30,2.34,2.38,2.3,2.3001,7136.0,2.47416,2.4711553023468076,-0.06986294580459829,40.5640589558641,-0.3898999999999999,2.6876683028091333,2.2606516971908666,0.12833571428571441,5959.9,4004379.0,2.41,2.37,2.69
2024-12-31,2.34,2.55,2.3075,2.37,1535.0,2.47066,2.461521464028064,-0.0694453273743334,46.918651749320944,-0.15809999999999969,2.688771477050311,2.2525485229496893,0.1420857142857144,4506.45,4005914.0,2.3001,2.36,2.5281
2025-01-02,2.5,2.5,2.37,2.48,1331.0,2.4721599999999997,2.4632813245968195,-0.05955180493040535,51.41030394909339,-0.125,2.6900857855326334,2.254234214467366,0.1478000000000001,4386.7,4007245.0,2.37,2.38,2.605
2025-01-03,2.55,2.55,2.42,2.47,3777.0,2.46616,2.4639211984447416,-0.051919537432394414,36.80422203063929,-0.08999999999999986,2.67691489780165,2.25540510219835,0.13137142857142867,4482.15,4003468.0,2.48,2.4,2.56
2025-01-06,2.47,2.47,2.47,2.47,6659.0,2.4646600000000003,2.4645001319261945,-0.04534816503443828,36.80422203063929,0.05010000000000003,2.6748270152897575,2.254492984710243,0.11103571428571435,4336.55,4003468.0,2.47,2.41,2.4199
2025-01-07,2.45,2.65,2.43,2.52,6937.0,2.46916,2.469785833647509,-0.035694261702315266,49.438824037489915,0.1499999999999999,2.680055098892453,2.258264901107547,0.11590000000000002,4276.6,4010405.0,2.47,2.3001,2.37
2025-01-08,2.5,2.535,2.4907,2.53,3293.0,2.471655,2.47552051615727,-0.026926169214728457,44.27305952989792,0.16999999999999993,2.6842687340219404,2.25904126597806,0.1019214285714286,4239.1,4013698.0,2.52,2.37,2.36
2025-01-10,2.42,2.49,2.34,2.44,3104.0,2.472155,2.4721376098565777,-0.026929217331690847,41.426120920311945,0.06000000000000005,2.68440299273743,2.2599070072625698,0.09906428571428576,4274.4,4010594.0,2.53,2.48,2.38
2025-01-13,2.33,2.375,2.33,2.375,1030.0,2.4684049999999997,2.462886408917856,-0.03180990497510239,46.40627397200601,-0.02499999999999991,2.684908676643182,2.2519013233568175,0.09227142857142863,4237.0,4009564.0,2.44,2.47,2.4
2025-01-14,2.32,2.45,2.31,2.35,3374.0,2.4514050000000003,2.452135322354251,-0.03726560150512359,48.33277646439001,-0.06000000000000005,2.647034160187855,2.2557758398121455,0.09584285714285719,3741.55,4006190.0,2.375,2.47,2.41
2025-01-15,2.35,2.45,2.35,2.356,1367.0,2.434705,2.4429795773681318,-0.040636695920324595,49.66431571785764,0.05589999999999984,2.599106875709672,2.2703031242903284,0.10084285714285716,3510.0,4007557.0,2.35,2.52,2.3001
2025-01-16,2.37,2.4224,2.37,2.4,4997.0,2.4283,2.4388862842854526,-0.039304798998669455,51.61342251921925,0.029999999999999805,2.58727316556085,2.26932683443915,0.10172857142857146,3626.75,4012554.0,2.356,2.53,2.37
2025-01-17,2.46,2.49,2.34,2.49,4042.0,2.42255,2.4437542572106477,-0.0306338848976746,56.52362889050335,0.010000000000000231,2.5616954899320765,2.283404510067924,0.10815714285714291,3595.75,4016596.0,2.4,2.44,2.48
2025-01-21,2.43,2.43,2.26,2.26,8378.0,2.40755,2.4262538517620147,-0.04183890792512335,41.75642934206416,-0.2100000000000004,2.5489691009209148,2.2661308990790854,0.11815714285714292,3577.35,4008218.0,2.49,2.375,2.47
2025-01-22,2.27,2.4,2.18,2.22,20035.0,2.3975549999999997,2.40661062778468,-0.053331858639789065,45.231574433573,-0.25,2.561725289959176,2.2333847100408235,0.12815714285714289,4497.95,3988183.0,2.26,2.35,2.47
2025-01-23,2.216,2.36,2.18,2.21,7957.0,2.389555,2.387885806090901,-0.06252625753430152,39.743589030243264,-0.31000000000000005,2.573751148025374,2.2053588519746263,0.12369285714285717,4602.95,3980226.0,2.22,2.356,2.52
2025-01-24,2.18,2.2899,2.16,2.23,6045.0,2.383055,2.3728490626536725,-0.06742185487291685,31.884057324091586,-0.2999999999999998,2.5803516505438107,2.1857583494561896,0.1236857142857143,4735.1,3986271.0,2.21,2.4,2.53
2025-01-27,2.14,2.22,1.99,2.145,9843.0,2.371305,2.3511491519247514,-0.07726972338752391,28.7581694083472,-0.29499999999999993,2.5955219764454354,2.1470880235545646,0.13082857142857146,5173.9,3976428.0,2.23,2.49,2.44
2025-01-28,2.27,2.27,2.14,2.14,1204.0,2.358305,2.331039708884299,-0.08450358363814203,28.571428051948047,-0.23499999999999988,2.604581075082238,2.1120289249177624,0.14011428571428575,5148.15,3975224.0,2.145,2.26,2.375
2025-01-29,2.13,2.24,2.13,2.24,4263.0,2.3498050000000004,2.3223692604191277,-0.0812309261861981,32.926828706127324,-0.10999999999999988,2.6002678345158254,2.0993421654841753,0.13225714285714293,5315.35,3979487.0,2.14,2.22,2.35
2025-01-30,2.2783,2.29,2.14,2.22,11334.0,2.3458,2.3126198070458774,-0.07933661135990322,31.325300676440747,-0.13599999999999968,2.6021029457497855,2.0894970542502147,0.1398071428571429,5525.25,3968153.0,2.24,2.21,2.356
2025-01-31,2.16,2.3279,2.1097,2.23,14188.0,2.3388,2.304751253993889,-0.07615061984232296,35.999999328000015,-0.16999999999999993,2.5999219517471253,2.0776780482528747,0.14467857142857143,6157.9,3982341.0,2.22,2.23,2.4
2025-02-03,2.2,2.21,2.14,2.21,7545.0,2.3253,2.29572732504209,-0.07438210090584452,38.29787157990042,-0.28000000000000025,2.5835875590459443,2.0670124409540556,0.14646428571428574,6468.6,3974796.0,2.23,2.145,2.49
2025-02-04,2.2132,2.2132,2.201,2.201,2012.0,2.31185,2.2867056750380814,-0.07286679859486167,39.187227070216,-0.05899999999999972,2.566399571224436,2.0573004287755645,0.13733571428571428,6380.35,3972784.0,2.21,2.14,2.26
2025-02-05,2.15,2.31,2.15,2.225,4089.0,2.2996,2.2808289440820735,-0.06893467514785412,40.735501314997165,0.004999999999999893,2.5455391452329463,2.0536608547670534,0.1416214285714286,6251.85,3976873.0,2.201,2.24,2.22
2025-02-06,2.13,2.69,2.13,2.57,31981.0,2.3021000000000003,2.3083690446456857,-0.03754700378455578,58.432538870976636,0.3599999999999999,2.5582758442123543,2.045924155787646,0.17787857142857147,7504.05,4008854.0,2.225,2.22,2.21
2025-02-07,2.5846,2.68,2.5846,2.61,12211.0,2.3061,2.3370958022984776,-0.009336754097817312,56.26304719448572,0.3799999999999999,2.579198324302548,2.033001675697452,0.1739785714285714,7949.95,4021065.0,2.57,2.23,2.23
2025-02-10,2.51,2.61,2.4092,2.5326,4942.0,2.3107300000000004,2.3557152496986227,0.006697336159289691,66.92326677809075,0.38759999999999994,2.5962441629817614,2.0252158370182394,0.17617857142857143,8041.85,4016123.0,2.61,2.21,2.145
2025-02-11,2.61,2.61,2.34,2.48,4713.0,2.31598,2.3675518925844683,0.0149873232705926,65.89241941015419,0.33999999999999986,2.610198877350675,2.0217611226493255,0.17975,8226.0,4011410.0,2.5326,2.201,2.14
2025-02-12,2.55,2.57,2.34,2.46,3440.0,2.32148,2.3763564742430905,0.019716090115396323,65.09661725682048,0.21999999999999975,2.6224125687714546,2.020547431228546,0.1833214285714286,8229.3,4007970.0,2.48,2.225,2.24
2025-02-13,2.4784,2.4784,2.41,2.45,2049.0,2.32618,2.383370143362796,0.02239855883864239,63.44743167693885,0.22999999999999998,2.6322745543627715,2.0200854456372284,0.1789285714285715,8263.4,4005921.0,2.46,2.57,2.22
2025-02-14,2.38,2.63,2.37,2.41,39522.0,2.32668,2.385906320185387,0.021054070700574634,67.14100783961955,0.18000000000000016,2.633314468485158,2.020045531514842,0.18107142857142858,9989.65,3966399.0,2.45,2.61,2.23
2025-02-18,2.5,2.78,2.45,2.75,45003.0,2.33968,2.42058190873916,0.046883271496097834,77.5270748326904,0.54,2.693832423920038,1.9855275760799618,0.1953571428571428,12037.7,4011402.0,2.41,2.5326,2.21
2025-02-19,2.75,2.75,2.6506,2.75,4855.0,2.36418,2.451955060287811,0.0665855425296713,75.2976180018188,0.5489999999999999,2.7604181824902483,1.967941817509752,0.19459999999999994,11861.55,4011402.0,2.75,2.48,2.201
2025-02-20,2.63,2.8,2.63,2.79,16994.0,2.39268,2.4841498164508766,0.084453868353358,77.7237343500659,0.565,2.825555845090916,1.9598041549090837,0.1960285714285714,11709.5,4028396.0,2.75,2.46,2.225
2025-02-21,2.68,2.95,2.68,2.93,20803.0,2.42868,2.52661173869365,0.1086589228493704,80.22452407327866,0.3600000000000003,2.914149476952618,1.943210523047382,0.19972857142857142,12351.8,4049199.0,2.79,2.45,2.57
2025-02-24,2.93,2.93,2.73,2.73,6154.0,2.45368,2.545982049294255,0.11043030260722242,69.43198731536037,0.1200000000000001,2.9474949902864385,1.959865009713561,0.20901428571428576,12357.25,4043045.0,2.93,2.41,2.61
2025-02-25,2.85,2.85,2.5718,2.67,8013.0,2.4799300000000004,2.557793282694802,0.10577334597753696,66.88264871392579,0.13739999999999997,2.960287906477874,1.9995720935221264,0.22801428571428575,12265.75,4035032.0,2.73,2.75,2.5326
2025-02-26,2.6,2.74,2.57,2.67,4475.0,2.50643,2.5684796367238687,0.1009193389773273,66.30036562036254,0.18999999999999995,2.9658488232516285,2.0470111767483714,0.22872857142857145,12429.3,4035032.0,2.67,2.75,2.48
2025-02-27,2.59,2.67,2.46,2.46,4789.0,2.51743,2.5581482427501667,0.07921412735064104,45.5284547663428,0.0,2.960223206337861,2.074636793662139,0.20372857142857143,12455.6,4030243.0,2.67,2.79,2.46
2025-02-28,2.385,2.4471,2.25,2.25,12956.0,2.51893,2.5288007910596746,0.044553757815766204,37.142856771428576,-0.20000000000000018,2.9576654704746903,2.08019452952531,0.21099285714285715,12536.7,4017287.0,2.46,2.93,2.45
2025-03-03,2.23,2.265,1.88,1.98,27892.0,2.5064300000000004,2.476534049053991,-0.004647999031394345,32.65101063850675,-0.43000000000000016,2.991612952362482,2.0212470476375186,0.22415000000000004,13221.9,3989395.0,2.25,2.73,2.41
2025-03-04,1.99,2.21,1.961,2.03,15388.0,2.49743,2.434006996763135,-0.03915481138707433,35.8490562881215,-0.7200000000000002,3.0115785883938466,1.9832814116061535,0.22265,13614.05,4004783.0,1.98,2.67,2.75
2025-03-05,2.0401,2.2,2.04,2.17,8221.0,2.49588,2.4088634732618837,-0.054575763387826104,41.520467496323654,-0.5800000000000001,3.0139631617861484,1.9777968382138518,0.21765000000000004,13924.5,4013004.0,2.03,2.67,2.75
2025-03-06,2.29,2.3245,2.1,2.2,6420.0,2.49463,2.388971713903609,-0.06364259742388123,42.77456612783588,-0.5899999999999999,3.0155777238143813,1.9736822761856185,0.22879999999999998,14041.05,4019424.0,2.17,2.46,2.79
2025-03-07,2.2,2.2865,2.19,2.2,2272.0,2.47613,2.3709744078175508,-0.07002097055841006,43.78698188578832,-0.73,3.011876841629334,1.940383158370666,0.2171214285714286,12555.6,4019424.0,2.2,2.25,2.93
2025-03-10,2.2,2.225,2.15,2.2,5666.0,2.45563,2.354691130882546,-0.07422031166884269,29.62962932235942,-0.5299999999999998,3.0010972206852786,1.9101627793147216,0.19890714285714292,12228.35,4019424.0,2.2,1.98,2.73
2025-03-11,2.235,2.235,2.13,2.16,2590.0,2.4370000000000003,2.336149118417542,-0.07985546140871058,28.776978127426133,-0.5099999999999998,2.996665313520422,1.8773346864795784,0.1993071428571429,12110.75,4016834.0,2.2,2.03,2.67
2025-03-12,2.2,2.28,2.1,2.2,13585.0,2.423,2.3231825357111093,-0.08016954782702657,28.776978127426133,-0.46999999999999975,2.9920657163049817,1.8539342836950183,0.20002142857142863,12554.35,4030419.0,2.16,2.17,2.67
2025-03-13,2.3,2.3,2.135,2.21,8039.0,2.4105,2.312403246595766,-0.07870429305132465,21.42857119047619,-0.25,2.9870770136170854,1.8339229863829143,0.1925214285714286,12784.3,4038458.0,2.2,2.2,2.46
2025-03-14,2.22,2.22,2.1,2.1,19357.0,2.393,2.2921743659675977,-0.0854343151723409,23.076922800788964,-0.1499999999999999,2.985553795026256,1.8004462049737437,0.1868071428571429,13649.7,4019101.0,2.21,2.2,2.25
2025-03-17,2.0201,2.3,2.0201,2.28,15157.0,2.3865000000000003,2.2910149025421123,-0.07537453973812491,34.883720551649546,0.2999999999999998,2.981117081561091,1.7918829184389096,0.18692857142857147,12431.45,4034258.0,2.1,2.2,1.98
2025-03-18,2.27,2.32,2.23,2.23,1420.0,2.3605,2.2852039594428635,-0.07062258417299105,33.58208920138115,0.20000000000000018,2.9332670602113713,1.7877329397886288,0.18121428571428572,10252.3,4032838.0,2.28,2.16,2.03
2025-03-19,2.2,2.3697,2.2,2.28,1311.0,2.337,2.2847083442578286,-0.06210612230090096,42.3728808532031,0.10999999999999988,2.8802882340555307,1.7937117659444697,0.17833571428571426,10075.1,4034149.0,2.23,2.2,2.17
2025-03-20,2.28,2.28,2.28,2.28,333.0,2.3115,2.2842599305189877,-0.054725918585719846,51.546391008608786,0.07999999999999963,2.8114063070111173,1.811593692988883,0.16425714285714285,9242.05,4034149.0,2.28,2.21,2.2
2025-03-21,2.39,2.39,2.39,2.39,379.0,2.2845000000000004,2.294330413326703,-0.0395451217309688,75.30864067367784,0.18999999999999995,2.6938885041967366,1.8751114958032642,0.13675714285714285,8220.85,4034528.0,2.28,2.1,2.2
2025-03-24,2.3,2.45,2.25,2.37,14120.0,2.2664999999999997,2.3015370406289217,-0.02879611995894482,71.79487050624594,0.16999999999999993,2.6214514421942945,1.911548557805705,0.13325714285714288,8619.15,4020408.0,2.39,2.28,2.2
2025-03-25,2.47,2.47,2.25,2.377,4860.0,2.25185,2.308723989140453,-0.01948797190440832,65.9969073818289,0.21699999999999964,2.557433324841316,1.9462666751586843,0.13754285714285716,8461.5,4025268.0,2.37,2.23,2.16
2025-03-26,2.3708,2.3708,2.3708,2.3708,999.0,2.23689,2.3146359901746956,-0.012467765059350544,63.70346455094914,0.17079999999999984,2.4789792388747753,1.9948007611252243,0.12150714285714288,8287.7,4024269.0,2.377,2.28,2.2
2025-03-28,2.18,2.1801,2.18,2.18,9301.0,2.22289,2.3018135149199628,-0.0220460330290706,48.77149793267694,-0.029999999999999805,2.441941831405552,2.003838168594448,0.11462142857142855,8513.3,4014968.0,2.3708,2.28,2.21
2025-03-31,2.16,2.33,2.1,2.33,13502.0,2.22689,2.3044979420704426,-0.01733332522154063,56.74273776514696,0.22999999999999998,2.450891972735721,2.0028880272642793,0.1256928571428571,8540.6,4028470.0,2.18,2.39,2.1
2025-04-01,2.22,2.28,2.12,2.15,5423.0,2.2353899999999998,2.289783852349448,-0.027802476366962203,49.54710082096067,-0.1299999999999999,2.431054911196936,2.0397250888030634,0.12962142857142853,7417.15,4023047.0,2.33,2.37,2.28
2025-04-02,2.2455,2.2455,2.2455,2.2455,436.0,2.2461650000000004,2.2855663426018813,-0.02806973180719874,51.962051981484485,0.015499999999999847,2.416271929528767,2.076058070471234,0.11676428571428568,6669.55,4023483.0,2.15,2.377,2.23
2025-04-03,2.11,2.17,2.1,2.17,1710.0,2.2461650000000004,2.274560024258845,-0.033982029011860426,48.367346386005835,-0.10999999999999988,2.416271929528767,2.076058070471234,0.10997857142857138,6344.0,4021773.0,2.2455,2.3708,2.28
2025-04-04,2.1,2.15,1.855,2.025,46432.0,2.237415,2.2507924029008595,-0.04979386267349728,47.023809001322746,-0.2549999999999999,2.4335348588941272,2.0412951411058726,0.12247857142857137,8344.6,3975341.0,2.17,2.18,2.28
2025-04-07,1.81,2.0,1.81,2.0,6125.0,2.227415,2.2269074121483965,-0.06360890200756053,37.33031626911817,-0.3900000000000001,2.4501564103725615,2.004673589627439,0.11605714285714279,8537.25,3969216.0,2.025,2.33,2.39
2025-04-08,1.89,1.9374,1.77,1.77,7678.0,2.205915,2.183392420515216,-0.09205534134897686,32.10116696543474,-0.6000000000000001,2.50849935813752,1.90333064186248,0.12158571428571423,8637.85,3961538.0,2.0,2.15,2.37
2025-04-09,1.77,1.77,1.28,1.6301,213255.0,2.1794199999999995,2.1306979042756717,-0.124453487940126,26.365553589993638,-0.7468999999999997,2.5768623948991594,1.7819776051008396,0.14446428571428568,19171.1,3748283.0,1.77,2.2455,2.377
2025-04-10,1.63,1.74,1.53,1.53,55183.0,2.14592,2.073488580058941,-0.15640356304213632,24.576270953174387,-0.8408,2.6377886114679314,1.6540513885320685,0.15946428571428567,21251.0,3693100.0,1.6301,2.17,2.3708
2025-04-11,1.53,1.59,1.46,1.58,3821.0,2.11442,2.0264896676723754,-0.1756646923893852,21.378091661276827,-0.6000000000000001,2.666069044039321,1.562770955960679,0.16874999999999998,21040.1,3696921.0,1.53,2.025,2.18
2025-04-14,1.6,1.76,1.58,1.71,155661.0,2.0949199999999997,1.9963477945607206,-0.17838307358863248,28.360655477344793,-0.6200000000000001,2.6755270819228527,1.5143129180771466,0.16732142857142854,27855.3,3852582.0,1.58,2.0,2.33
2025-04-15,1.68,1.71,1.6159,1.6982,4096.0,2.0658299999999996,1.9679527665073187,-0.1794213144303376,27.81409309099405,-0.4518,2.6653832305063077,1.4662767694936916,0.15832857142857137,27302.25,3848486.0,1.71,1.77,2.15
2025-04-16,1.7,1.7322,1.69,1.73,3311.0,2.04083,1.9452905982685265,-0.1756533115065415,29.400796957945758,-0.5154999999999998,2.65312239007797,1.4285376099220302,0.16134285714285707,27396.8,3851797.0,1.6982,1.6301,2.2455
2025-04-17,1.6,1.665,1.6,1.61,1016.0,2.00733,1.9133581603381906,-0.1802720748966551,30.802909584237682,-0.5599999999999998,2.6375766621553183,1.3770833378446816,0.1659785714285714,27382.05,3850781.0,1.73,1.53,2.17
2025-04-21,1.61,1.61,1.43,1.4768,12965.0,1.9671699999999999,1.8717811926869343,-0.19246202256814993,20.936094636118455,-0.5482,2.6259740523315314,1.3083659476684684,0.16240714285714283,28013.65,3837816.0,1.61,1.58,2.025
2025-04-22,1.48,1.59,1.48,1.4968,7158.0,1.9225099999999997,1.8360686981453216,-0.19822381037267522,25.02676223400009,-0.5032000000000001,2.5817249426640796,1.2632950573359198,0.15883571428571427,28352.6,3844974.0,1.4768,1.71,2.0
2025-04-23,1.52,1.59,1.52,1.56,945.0,1.88201,1.8097764411791004,-0.195437475343484,23.128184771623225,-0.20999999999999996,2.524790443484666,1.2392295565153337,0.1638357142857143,27693.85,3845919.0,1.4968,1.6982,1.77
2025-04-24,1.68,1.68,1.6001,1.62,3159.0,1.8441599999999998,1.7917024944001385,-0.18624091684091537,28.174602861552046,-0.010099999999999998,2.452440321112446,1.2358796788875535,0.16454285714285716,27608.8,3849078.0,1.56,1.73,1.6301
2025-04-25,1.55,1.9,1.53,1.77,82419.0,1.8141200000000002,1.789635590171554,-0.16494742038629973,39.92094817478793,0.24,2.369974106568894,1.2582658934311062,0.1699,31679.8,3931497.0,1.62,1.61,1.53
2025-04-28,1.73,2.04,1.709,1.88,79523.0,1.7991200000000003,1.7982417244409297,-0.13760981011118711,45.55555508312757,0.2999999999999998,2.3289854232320435,1.269254576767957,0.1799714285714286,35190.9,4011020.0,1.77,1.4768,1.58
2025-04-29,1.92,2.21,1.82,2.195,114238.0,1.7923699999999996,1.836028226875127,-0.08949504639010275,64.80836173706128,0.4849999999999999,2.2965783199380656,1.2881616800619335,0.19587142857142853,40227.7,4125258.0,1.88,1.4968,1.71
2025-04-30,2.14,2.42,2.02,2.15,84604.0,1.79237,1.8659303005060672,-0.05436815120816929,69.39780540887301,0.4518,2.296578319938066,1.288161680061934,0.1894428571428571,44186.75,4040654.0,2.195,1.56,1.6982
2025-05-01,2.24,2.3,2.15,2.19,24136.0,1.7895949999999998,1.8967940814102513,-0.023036616222800843,75.78124917114258,0.45999999999999996,2.283814735809071,1.2953752641909286,0.18515714285714285,45371.75,4064790.0,2.15,1.62,1.73
2025-05-02,2.2396,2.35,2.1867,2.35,12070.0,1.798595,1.9399565498473703,0.014536941001893178,77.69784094405053,0.74,2.327332971021592,1.2698570289784077,0.18753571428571428,45889.75,4076860.0,2.19,1.77,1.61
2025-05-05,2.26,2.3184,2.1401,2.15,6694.0,1.8048449999999998,1.9599606879571445,0.027854834086745717,65.06849252674047,0.6732,2.3476201787173108,1.2620698212826889,0.18741428571428573,43902.85,4070166.0,2.35,1.88,1.4768
2025-05-06,2.19,2.2271,2.05,2.11,2961.0,1.8103449999999999,1.9742501462469402,0.03478076360807725,63.83550537985682,0.6132,2.3635751984945736,1.257114801505426,0.19334285714285718,43744.65,4067205.0,2.15,2.195,1.4968
2025-05-07,2.075,2.1374,2.0414,2.11,2585.0,1.827345,1.9871787037472315,0.039810699687661266,63.045865914143,0.5499999999999998,2.396034675713554,1.2586553242864458,0.1971857142857143,43490.0,4067205.0,2.11,2.15,1.56
2025-05-08,2.0768,2.27,2.05,2.05,7055.0,1.8483399999999996,1.9931616843427333,0.038511524824797805,65.75479739289088,0.4299999999999997,2.4173727172168453,1.279307282783154,0.2082571428571429,33180.0,4060150.0,2.11,2.19,1.62
2025-05-09,2.0288,2.14,2.01,2.01,1509.0,1.8723400000000001,1.9947653334529492,0.03386389181457927,70.45733503191934,0.23999999999999977,2.425096767294171,1.3195832327058294,0.20468571428571433,30496.3,4058641.0,2.05,2.35,1.77
2025-05-12,2.01,2.46,2.0,2.29,56396.0,1.9078399999999998,2.0228829207431445,0.05217285293974072,75.37103310184591,0.41000000000000014,2.472610546421545,1.3430694535784546,0.2296857142857143,33125.05,4115037.0,2.01,2.15,1.88
2025-05-13,2.16,2.42,2.16,2.26,21221.0,1.93534,2.0454654997199877,0.0635297557820782,72.8758163266265,0.06499999999999995,2.5129646109350965,1.3577153890649036,0.24325714285714284,26403.05,4093816.0,2.29,2.11,2.195
2025-05-14,2.34,2.43,2.03,2.09,30364.0,1.9549300000000003,2.0497068806990364,0.05814237475220452,64.32926774353064,-0.06000000000000005,2.5252203013286305,1.38463969867137,0.2661214285714286,27716.45,4063452.0,2.26,2.11,2.15
2025-05-15,2.09,2.25,2.09,2.25,663.0,1.98093,2.068782415870557,0.06602243377720773,64.54545399779613,0.06000000000000005,2.5554412672616196,1.4064187327383806,0.2511214285714286,27584.05,4064115.0,2.09,2.05,2.19
2025-05-16,2.3,2.3,2.13,2.13,584.0,2.0069299999999997,2.0746126619781227,0.06187122721529015,57.53011999673392,-0.2200000000000002,2.557319906195717,1.4565400938042825,0.23962142857142865,27562.45,4063531.0,2.25,2.01,2.35
2025-05-19,2.02,2.2001,2.02,2.15,6155.0,2.04059,2.081792408456397,0.05950921378683294,48.35164785573402,0.0,2.5338464781765992,1.5473335218234006,0.22462857142857148,27221.95,4069686.0,2.13,2.29,2.15
2025-05-20,2.04,2.48,2.04,2.29,24390.0,2.0802500000000004,2.101621702889121,0.06814855695500066,54.794520022518306,0.18000000000000016,2.5132867068433202,1.6472132931566805,0.22748571428571435,28083.55,4094076.0,2.15,2.26,2.11
2025-05-21,2.29,2.29,2.2,2.22,1668.0,2.11325,2.1128958264234905,0.06855660579667067,51.0067109301383,0.11000000000000032,2.4738967144333928,1.752603285566607,0.2232000000000001,28119.7,4092408.0,2.29,2.09,2.11
2025-05-22,2.17,2.26,2.07,2.22,2716.0,2.14325,2.1230962239069675,0.06809503032166386,45.11278148001584,0.17000000000000037,2.421558329583955,1.8649416704160453,0.2251071428571429,28097.55,4092408.0,2.22,2.25,2.05
2025-05-23,2.27,2.32,2.27,2.32,334.0,2.17075,2.1418489644872563,0.0749345933504002,56.91056845792849,0.31000000000000005,2.397727276859485,1.9437727231405149,0.21594285714285716,23993.3,4092742.0,2.22,2.13,2.01
2025-05-27,2.22,2.22,2.13,2.2053,1924.0,2.1870149999999997,2.1478919202503746,0.07028941232333752,53.65218000219934,-0.08470000000000022,2.3682858851125688,2.0057441148874307,0.20972142857142861,20113.35,4090818.0,2.32,2.15,2.29
2025-05-28,2.0797,2.135,2.06,2.13,1333.0,2.1837649999999997,2.146187927845577,0.059842168928079253,50.72463716656165,-0.1299999999999999,2.3667557018058267,2.0007742981941727,0.20822142857142856,14468.1,4089485.0,2.2053,2.29,2.26
2025-05-29,2.07,2.38,2.0534,2.38,11843.0,2.195265,2.1684557442412364,0.07091806462777095,60.50955360055175,0.29000000000000004,2.3972445119886623,1.9932854880113375,0.2158357142857143,10830.05,4101328.0,2.13,2.22,2.09
2025-05-30,2.25,2.25,2.01,2.25,19289.0,2.198265,2.176221863837309,0.06841720724573142,57.22891517999711,0.0,2.4016924139265954,1.9948375860734047,0.2236928571428571,10587.7,4082039.0,2.38,2.22,2.25
2025-06-02,2.135,2.25,2.0444,2.15,1939.0,2.188265,2.173724543471851,0.05770095479831294,45.27026984203798,0.020000000000000018,2.3795894065098238,1.996940593490176,0.20552142857142858,10081.15,4080100.0,2.25,2.32,2.13
2025-06-03,2.09,2.11,2.02,2.11,1726.0,2.1862649999999997,2.1676555393316748,0.045456586586821945,44.96644253051665,-0.040000000000000036,2.380093511020002,1.9924364889799975,0.19337857142857143,9832.75,4078374.0,2.15,2.2053,2.15
2025-06-04,2.11,2.11,2.0,2.1025,7310.0,2.1858899999999997,2.1614502498715154,0.03474710623209987,50.470809260571514,-0.1875,2.3803677070163474,1.991412292983652,0.17266428571428566,10050.2,4071064.0,2.11,2.13,2.29
2025-06-05,2.03,2.07,2.03,2.07,1093.0,2.18389,2.1527407022647043,0.02336791670937366,42.49999950416667,-0.15000000000000036,2.3824340150061376,1.985345984993862,0.16409285714285707,9975.6,4069971.0,2.1025,2.38,2.22
2025-06-06,2.03,2.08,2.03,2.08,823.0,2.1853899999999995,2.1458130163347326,0.014984017035335917,47.70642140560561,-0.14000000000000012,2.380091011269829,1.99068898873017,0.15552142857142856,9664.0,4070794.0,2.07,2.25,2.22
2025-06-09,2.08,2.21,2.02,2.02,4906.0,2.1858899999999997,2.133830824302853,0.0034583518544200054,44.2477870624168,-0.2999999999999998,2.3787370885934447,1.9930429114065549,0.1562285714285714,9833.85,4065888.0,2.08,2.15,2.32
2025-06-10,2.12,2.12,2.04,2.04,1601.0,2.17339,2.124894555321629,-0.004015697524980766,37.62376185472014,-0.16529999999999978,2.3701920635322384,1.9765879364677614,0.13051428571428572,7094.1,4067489.0,2.02,2.11,2.2053
2025-06-11,2.16,2.16,2.06,2.06,1045.0,2.16339,2.118714121481474,-0.008230229688044322,41.666666059027776,-0.06999999999999984,2.361978968793176,1.964801031206824,0.13122857142857144,6085.3,4068534.0,2.04,2.1025,2.13
2025-06-12,2.07,2.07,2.06,2.0601,960.0,2.161895,2.113131824197524,-0.011430444577190446,41.672741815000094,-0.3199000000000001,2.3632412738667425,1.9605487261332573,0.11837142857142857,4615.1,4069494.0,2.06,2.07,2.38
2025-06-13,2.08,2.1343,2.06,2.1343,844.0,2.15611,2.115147840940617,-0.007888385649003737,40.06207796118049,-0.11569999999999991,2.3534055026564027,1.9588144973435975,0.12010714285714287,4624.15,4070338.0,2.0601,2.08,2.25
2025-06-16,2.05,2.08,2.05,2.08,485.0,2.15361,2.1118004275177014,-0.0093549960539967,42.83098684101866,-0.06999999999999984,2.353547989334116,1.9536720106658843,0.11582142857142859,4619.2,4069853.0,2.1343,2.02,2.15
2025-06-17,2.07,2.1199,2.0,2.055,22871.0,2.14886,2.106390862992206,-0.012391742142763729,45.4468180715694,-0.054999999999999716,2.3536149744913883,1.9441050255086116,0.11902857142857146,5455.0,4046982.0,2.08,2.04,2.11
2025-06-18,2.03,2.3,2.03,2.07,7976.0,2.13786,2.102925066516758,-0.013433161532620641,23.666326314426485,-0.032500000000000195,2.334152074537761,1.9415679254622389,0.11498571428571432,4634.3,4054958.0,2.055,2.06,2.1025
2025-06-20,2.02,2.1,2.01,2.01,712.0,2.12736,2.0940750601818285,-0.01888232872943041,26.860778295312556,-0.06000000000000005,2.327579063186252,1.927140936813748,0.1042714285714286,4586.5,4054246.0,2.07,2.0601,2.07
2025-06-23,2.0,2.045,2.0,2.0319,1842.0,2.117955,2.0881536258787974,-0.021189427487849244,36.594777497555306,-0.048100000000000254,2.3175217990001857,1.9183882009998137,0.09280000000000002,4542.8,4056088.0,2.01,2.1343,2.08
2025-06-24,2.055,2.08,2.03,2.055,1153.0,2.104705,2.0849961376998642,-0.020912773495295855,43.50802500209553,0.03500000000000014,2.2817020023535104,1.92770799764649,0.0899428571428572,4583.75,4057241.0,2.0319,2.08,2.02
2025-06-25,2.05,2.38,2.01,2.16,71208.0,2.10244,2.09213936268083,-0.012081631210585364,55.51717371475642,0.1200000000000001,2.2751236401601806,1.9297563598398197,0.10851428571428579,8047.95,4128449.0,2.055,2.055,2.04
2025-06-26,2.1,2.28,2.07,2.21,1275.0,2.10644,2.1033641852826555,-0.0010363586945234537,62.99665636473601,0.1499999999999999,2.285403617590492,1.9274763824095082,0.12065714285714292,8045.05,4129724.0,2.16,2.07,2.06
2025-06-27,2.25,2.25,2.08,2.14,2250.0,2.0944399999999996,2.106853310493831,0.0020451096151492543,55.01169266594772,0.0799000000000003,2.220551135615929,1.9683288643840702,0.12922857142857147,7565.4,4127474.0,2.21,2.01,2.0601
2025-06-30,2.08,2.17,2.08,2.17,1884.0,2.09044,2.1128672809229903,0.006829221714007794,63.190290389264746,0.03569999999999984,2.199729078763003,1.9811509212369975,0.12208571428571433,6695.15,4129358.0,2.14,2.0319,2.1343
2025-07-01,2.1241,2.17,2.08,2.17,5622.0,2.09144,2.1183084922636577,0.010499631800418463,61.84833965388852,0.08999999999999986,2.2033580978734117,1.9795219021265882,0.12280000000000002,6879.3,4129358.0,2.17,2.055,2.08
2025-07-02,2.19,2.33,2.09,2.33,7739.0,2.10244,2.1384695882385474,0.026019188058427734,69.60499422818776,0.2749999999999999,2.257116768575198,1.9477632314248021,0.13280000000000003,7179.95,4137097.0,2.17,2.16,2.055
2025-07-03,2.34,2.34,2.16,2.17,851.0,2.105815,2.1414724845967807,0.025118336829706767,56.47613342290411,0.10000000000000009,2.2634153109134725,1.9482146890865277,0.14494285714285718,6857.0,4136246.0,2.33,2.21,2.07
2025-07-07,2.09,2.175,2.09,2.1,1600.0,2.1073150000000003,2.137522724158992,0.018542247270683543,47.968730698137826,0.0900000000000003,2.2640487168576793,1.9505812831423213,0.14570714285714287,6882.35,4134646.0,2.17,2.14,2.01
2025-07-08,2.22,2.22,2.09,2.22,9737.0,2.114315,2.1453777028105168,0.02275138226266593,57.692306804733754,0.18810000000000038,2.278251910522316,1.9503780894776839,0.15285,7328.05,4144383.0,2.1,2.17,2.0319
2025-07-09,2.26,2.39,2.2,2.28,10039.0,2.1273150000000003,2.1581988739714197,0.030576187373049013,61.90476098765433,0.22499999999999964,2.300722900930972,1.9539070990690288,0.1578571428571429,7584.7,4154422.0,2.22,2.17,2.055
2025-07-10,2.36,2.36,2.2305,2.25,3485.0,2.1378150000000002,2.1669418383550942,0.03396512371453975,59.37499913411461,0.08999999999999986,2.3143647547286856,1.9612652452713148,0.14782142857142858,7678.9,4150937.0,2.28,2.33,2.16
2025-07-11,2.3,2.3,2.17,2.23,1557.0,2.146315,2.172947377559371,0.03463776473747915,61.95652079631383,0.020000000000000018,2.3234587272535636,1.969171272746436,0.1506785714285714,7704.5,4149380.0,2.25,2.17,2.21
2025-07-14,2.22,2.35,2.22,2.2667,2355.0,2.156645,2.181876198744193,0.0376976656558794,62.558835177766724,0.12670000000000003,2.3366917012516493,1.9765982987483512,0.15674999999999997,7774.25,4151735.0,2.23,2.1,2.14
2025-07-15,2.33,2.33,2.245,2.3,3289.0,2.16493,2.1931260845780796,0.04232183115427368,62.96296203017834,0.1299999999999999,2.355584497096657,1.974275502903343,0.15924999999999995,7896.5,4155024.0,2.2667,2.22,2.17
2025-07-16,2.31,2.31,2.23,2.23,895.0,2.17243,2.196637886046834,0.0398784071868703,53.8461530177515,0.06000000000000005,2.3608049910767854,1.9840550089232143,0.13853571428571423,7917.0,4154129.0,2.3,2.28,2.17
