Date,Open,High,Low,Close,Volume,SMA_20,EMA_20,MACD,RSI_14,Momentum_10,Bollinger_Upper,Bollinger_Lower,ATR_14,Volume_MA_20,OBV,Lag_1,Lag_5,Lag_10
2023-05-15,121.75,122.62,119.3,119.61,1565764.0,121.17550000000001,120.50271355628736,-0.20969734762388725,39.3330063486679,1.1700000000000017,125.98526408218905,116.36573591781098,3.2043857142857157,2414318.9,-10472191.0,121.7,120.18,118.44
2023-05-16,119.54,119.54,117.87,118.61,1331784.0,121.15950000000001,120.32245512235524,-0.3229059530714409,34.52497549053135,0.4899999999999949,126.00272847956435,116.31627152043566,3.162142857142858,2398211.65,-11803975.0,119.61,119.65,118.12
2023-05-17,118.58,119.77,116.6,118.59,1690396.0,120.883,120.15745939641664,-0.40804724468718234,36.930329988631506,1.2700000000000102,125.64532627808586,116.12067372191413,3.0157142857142865,2362217.15,-13494371.0,118.61,122.57,117.32
2023-05-18,118.26,119.277,116.95,119.03,1598042.0,120.725,120.05008231104362,-0.43934817240668167,43.31983802160336,1.6099999999999994,125.51435002732211,115.93564997267788,2.8476428571428576,2329718.15,-11896329.0,118.59,121.07,117.42
2023-05-19,118.81,120.5299,116.97,117.13,2079990.0,120.39500000000001,119.77197923380137,-0.5890923058995696,45.97912826005476,-3.6899999999999977,125.2219179444139,115.56808205558612,2.7976357142857142,2327236.3,-13976319.0,119.03,121.7,120.82
2023-05-22,117.58,120.99,116.12,119.29,2391367.0,120.16799999999998,119.72607644962982,-0.5484799431926461,53.22669604273725,-0.8900000000000006,124.73474754698506,115.6012524530149,2.912635714285714,2355351.6,-11584952.0,117.13,119.61,120.18
2023-05-23,118.45,119.14,114.55,115.69,2282927.0,119.75449999999998,119.34168821633173,-0.7632169845524288,46.10606781435811,-3.960000000000008,124.37290015589805,115.1360998441019,3.019778571428572,2358970.75,-13867879.0,119.29,118.61,119.65
2023-05-24,114.89,117.07,114.31,116.73,1705289.0,119.3445,119.09295600525252,-0.8478917323383826,48.42249653964724,-5.839999999999989,123.45649772168676,115.23250227831323,3.085492857142857,2327571.75,-12162590.0,115.69,118.59,122.57
2023-05-25,116.66,116.66,112.27,114.61,2473910.0,118.896,118.66600781427609,-1.0556225259679906,34.919863987912706,-6.459999999999994,123.01957739424336,114.77242260575665,3.091207142857143,2247517.95,-14636500.0,116.73,119.03,121.07
2023-05-26,114.32,115.56,113.55,115.05,1688420.0,118.5815,118.32162611767836,-1.1737066171880741,37.42030404492965,-6.650000000000006,122.87614427789813,114.28685572210188,3.074064285714286,2136862.4,-12948080.0,114.61,117.13,121.7
2023-05-30,115.23,116.67,113.01,113.56,8040117.0,118.3375,117.86813791599471,-1.3604866684621442,35.73770489459824,-6.049999999999997,123.18493176711554,113.49006823288447,3.210492857142857,2416507.65,-20988197.0,115.05,119.29,119.61
2023-05-31,113.78,117.8481,113.61,117.26,5453663.0,118.2945,117.81022001923331,-1.2199968841803042,38.0027112276531,-1.3499999999999943,123.16525688487711,113.42374311512289,3.2789285714285716,2556065.5,-15534534.0,113.56,115.69,118.61
2023-06-01,117.48,119.63,116.305,119.58,1993286.0,118.40749999999998,117.97877049359205,-0.9253369538853065,46.75381260764475,0.9899999999999949,123.28791790704106,113.5270820929589,3.2542857142857136,2311347.75,-13541248.0,117.26,116.73,118.59
2023-06-02,120.0,122.84,118.68,122.57,2676431.0,118.665,118.41603044658328,-0.46292347439971593,51.71868823689996,3.539999999999992,123.85938765957006,113.47061234042995,3.432142857142856,2356878.7,-10864817.0,119.58,114.61,119.03
2023-06-05,123.0,126.305,122.22,124.66,3347226.0,118.857,119.01069421357535,0.059580082971095294,59.97629392178315,7.530000000000001,124.63757764369063,113.07642235630937,3.486785714285713,2415730.5,-7517591.0,122.57,115.05,117.13
2023-06-06,125.49,126.59,124.36,125.38,3304151.0,119.117,119.61729476466341,0.5214040887210558,63.52377143870023,6.089999999999989,125.57608287444484,112.65791712555517,3.526785714285713,2494261.7,-4213440.0,124.66,113.56,119.29
2023-06-07,125.76,126.19,117.74,119.71,3099561.0,119.12,119.62612383469546,0.45026320315393775,51.825293327067975,4.019999999999996,125.58018086759995,112.65981913240006,3.9039285714285703,2584189.3,-7313001.0,125.38,117.26,115.69
2023-06-08,119.52,121.28,118.31,121.13,1851172.0,119.048,119.76935013615304,0.49667943775139634,53.316487658040714,4.3999999999999915,125.37704948380247,112.71895051619754,3.949857142857142,2585680.1,-5461829.0,119.71,119.58,116.73
2023-06-09,121.31,124.55,120.2,124.34,2121096.0,119.2115,120.20465012318608,0.7707344306618182,60.93418256435916,9.730000000000004,125.9181699713988,112.5048300286012,4.0062928571428555,2605228.8,-3340733.0,121.13,122.57,114.61
2023-06-12,124.8,127.22,123.52,126.91,2598875.0,119.47200000000001,120.84325487335884,1.1720017145181458,61.414020345722086,11.86,126.9464381235754,111.99756187642461,3.9227214285714282,2664673.35,-741858.0,124.34,124.66,115.05
2023-06-13,126.98,128.02,124.68,125.95,2166055.0,119.78899999999999,121.32961155208658,1.3992888602038676,66.68835390586739,12.39,127.80615240166844,111.77184759833153,3.833435714285714,2694687.9,-2907913.0,126.91,125.38,113.56
2023-06-14,126.26,129.2,125.96,127.06,3325214.0,120.2115,121.87536283284024,1.6462230329815952,66.76403761977616,9.799999999999997,128.83475198152308,111.58824801847692,3.8677214285714285,2794359.4,417301.0,125.95,119.71,117.26
2023-06-15,128.32,131.24,128.1,130.98,4232063.0,120.83099999999999,122.7424711344745,2.1219826616432726,75.09966264791797,11.399999999999991,130.65972246343122,111.00227753656876,3.7784357142857155,2921442.75,4649364.0,127.06,121.13,119.58
2023-06-16,132.0,134.14,129.99,130.1,4310131.0,121.3845,123.44318816928646,2.4023222678555243,72.76853249565026,7.530000000000001,132.00138322784443,110.76761677215558,3.9312928571428563,3057047.2,339233.0,130.98,124.34,122.57
2023-06-20,129.73,130.8,127.64,129.97,2599363.0,122.02650000000001,124.06478929602108,2.584260415468364,75.89144837291008,5.310000000000002,133.1030589849632,110.94994101503683,3.8955785714285716,3083015.85,-2260130.0,130.1,126.91,124.66
2023-06-21,130.13,130.265,126.545,127.86,2759666.0,122.455,124.42623793449526,2.5336933130329697,67.60797339048136,2.480000000000004,133.74679767516415,111.16320232483585,3.858571428571427,3101430.8,-5019796.0,129.97,125.95,125.38
2023-06-22,127.61,128.08,125.89,126.52,2510604.0,122.99650000000001,124.62564384549572,2.361069316551763,61.91620876144139,6.810000000000002,133.9561566888221,112.03684331117792,3.7775000000000003,3112814.65,-7530400.0,127.86,127.06,119.71
2023-06-23,125.92,127.5,124.83,126.75,3264769.0,123.49749999999999,124.82796347925803,2.216758093727208,57.928679787139565,5.6200000000000045,134.16315145936395,112.83184854063603,3.6710714285714294,3190788.65,-4265631.0,126.52,130.98,121.13
2023-06-26,126.0,126.15,123.1514,124.62,2523187.0,123.998,124.80815743361441,1.9123837562384551,49.924242397767465,0.28000000000000114,133.8131753610632,114.18282463893681,3.5934714285714295,3193252.5,-6788818.0,126.75,130.1,124.34
2023-06-27,124.62,125.48,121.79,123.5,2634233.0,124.42049999999999,124.68357101136542,1.5646945412759976,46.492537289145695,-3.4099999999999966,133.29642954361168,115.54457045638829,3.697757142857143,3240543.15,-9423051.0,124.62,129.97,126.91
2023-06-28,124.01,127.86,123.8301,126.42,2360545.0,125.0635,124.84894520075919,1.502818444219315,63.9501039128773,0.46999999999999886,132.34713204654622,117.77986795345379,3.3820357142857143,2956564.55,-7062506.0,123.5,127.86,125.95
2023-06-29,126.57,128.9,125.82,127.94,2584651.0,125.5975,125.14333137211545,1.556210350704589,64.09937884482854,0.8799999999999955,131.98284794831528,119.21215205168471,3.389892857142858,2813113.95,-4477855.0,126.42,126.52,127.06
2023-06-30,129.76,131.76,128.2025,128.51,2378142.0,126.04400000000001,125.46396647953303,1.6249457548048838,59.69316593046469,-2.469999999999999,131.88316504485482,120.20483495514519,3.333285714285716,2832356.75,-2099713.0,127.94,126.75,130.98
2023-07-03,127.23,127.42,124.76,127.02,1237881.0,126.2665,125.61216014814893,1.5432272060692185,50.26921190877294,-3.0799999999999983,131.88318669890765,120.64981330109235,3.2590000000000012,2760429.25,-3337594.0,128.51,124.62,130.1
2023-07-05,126.58,128.48,125.69,128.07,1933395.0,126.43700000000001,125.8462401340395,1.5441311957550425,55.16569197015984,-1.9000000000000057,132.05537998752422,120.81862001247582,3.219714285714286,2689737.7,-1404199.0,127.02,123.5,129.97
2023-07-06,126.64,128.17,125.86,127.7,1722892.0,126.553,126.0227886927024,1.4980862858764254,51.617795716751814,-0.1599999999999966,132.17529059894179,120.93070940105821,3.1532857142857145,2610674.75,-3127091.0,128.07,126.42,127.86
2023-07-07,126.8,128.59,125.78,126.71,2173065.0,126.90299999999999,126.0882373886355,1.3669227175406888,37.32937682358391,0.18999999999999773,131.5118295123259,122.2941704876741,3.129714285714285,2564349.95,-5300156.0,127.7,127.94,126.52
2023-07-10,128.05,131.03,128.0,130.62,2345819.0,127.37749999999998,126.51983382781307,1.5568747747081204,51.3078470463627,3.8700000000000045,131.40063768619808,123.3543623138019,3.0497142857142867,2589082.3,-2954337.0,126.71,128.51,126.75
2023-07-11,130.77,132.11,130.095,131.23,1706523.0,127.72200000000001,126.96842108230706,1.7360417889187971,53.09430251751863,6.609999999999985,131.82908040750195,123.61491959249807,2.9679285714285726,2568353.65,-1247814.0,130.62,127.02,124.62
2023-07-12,131.39,133.905,131.26,133.67,2294374.0,128.06,127.6066666935159,2.0492941745316386,64.04059928001118,10.169999999999987,132.92789698459546,123.19210301540453,2.89114285714286,2553128.6,1046560.0,131.23,128.07,123.5
2023-07-13,134.56,134.92,133.01,133.98,1763833.0,128.4615,128.21365081794295,2.295801686315457,68.9725330129392,7.559999999999988,133.88907588615785,123.03392411384215,2.871142857142859,2533017.5,2810393.0,133.67,127.7,126.42
2023-07-14,134.5,137.62,133.9843,137.32,3087500.0,128.97449999999998,129.08092216861505,2.726887082613871,73.21036446969939,9.379999999999995,135.64215476010884,122.30684523989113,2.940121428571431,2521131.8,5897893.0,133.98,126.71,127.94
2023-07-17,136.7,138.4,136.365,137.45,2290545.0,129.298,129.8779772001755,3.043768390743651,80.88589306054874,8.939999999999998,136.93299863854136,121.66300136145864,2.871292857142859,2424055.9,8188438.0,137.32,130.62,128.51
2023-07-18,137.07,138.17,135.51,137.93,2073499.0,129.6895,130.6448365144445,3.295296092059772,85.84202676593205,10.91000000000001,138.24514442803402,121.13385557196598,2.7977214285714305,2312224.3,10261937.0,137.45,131.23,127.02
2023-07-19,137.34,138.92,131.88,133.63,2969252.0,129.8725,130.92913779878313,3.114043580352103,66.75964663251347,5.560000000000002,138.60808451633935,121.13691548366066,3.0127285714285725,2330718.75,7292685.0,137.93,133.67,128.07
2023-07-20,134.06,134.35,130.42,130.65,3287696.0,130.012,130.90255324651807,2.7002896906490435,55.898998659878735,2.950000000000003,138.70125192104422,121.32274807895577,3.073442857142858,2357120.25,4004989.0,133.63,133.98,127.7
2023-07-21,130.98,132.565,130.06,130.6,7299371.0,130.216,130.87373865161157,2.341382641906506,54.65478838462508,3.8900000000000006,138.7502539525326,121.68174604746741,2.998264285714286,2596558.6,-3294382.0,130.65,137.32,126.71
2023-07-24,130.58,131.74,127.44,127.72,2935592.0,130.26449999999997,130.57338258955332,1.8049896155457077,51.46812077514456,-2.9000000000000057,138.72653776627692,121.80246223372303,3.115407142857144,2580099.75,-6229974.0,130.6,137.45,130.62
2023-07-25,126.9,131.11,126.81,129.96,2056210.0,130.5315,130.51496520007206,1.5419843586253705,53.77546940659784,-1.2699999999999818,138.57003161505995,122.49296838494004,3.2232642857142886,2556750.9,-4173764.0,127.72,137.93,131.23
2023-07-26,129.2,131.26,129.09,130.69,1653581.0,130.891,130.53163518101758,1.376319729906669,55.8881449081357,-2.9799999999999898,138.21699955457865,123.56500044542133,3.2132642857142883,2507718.3,-2520183.0,129.96,133.63,133.67
2023-07-27,131.11,131.49,128.77,129.36,3378983.0,131.03799999999998,130.42005087806353,1.1251918273192416,55.149630751181746,-4.619999999999976,138.0994702509651,123.97652974903484,3.2068357142857167,2558640.2,-5899166.0,130.69,130.65,133.98
2023-07-28,134.4,139.55,132.1,132.38,5006774.0,131.26000000000002,130.60671269920033,1.1555822037844905,53.54267307771346,-4.939999999999998,138.18931833816154,124.3306816618385,3.5225500000000034,2679746.35,-892392.0,129.36,130.6,137.32
2023-07-31,133.14,133.4,124.03,124.56,5596420.0,131.0625,130.03083529927648,0.5446702527104605,39.5943837580555,-12.889999999999986,138.52638885515506,123.59861114484495,4.047907142857146,2840660.25,-6488812.0,132.38,127.72,137.45
2023-08-01,124.45,125.95,121.85,122.0,3987345.0,130.8115,129.26599384220253,-0.14368070798408894,31.861983200308742,-15.930000000000007,139.13581890686322,122.48718109313678,4.151835714285717,2978133.45,-10476157.0,124.56,129.96,137.93
2023-08-02,120.83,124.25,120.46,123.81,3295930.0,130.5985,128.7463753810404,-0.5373899933141217,34.897534883024505,-9.819999999999993,139.4212654693026,121.7757345306974,4.286121428571432,3046260.2,-7180227.0,122.0,130.69,133.63
2023-08-03,123.8,124.88,120.6,122.07,2021115.0,130.317,128.1105301066556,-0.9781147129420873,26.22388523956549,-8.580000000000013,139.85909311695468,120.77490688304532,4.33214285714286,3061171.35,-9201342.0,123.81,129.36,130.65
2023-08-04,122.14,122.83,119.89,120.33,2228200.0,129.998,127.36952723935507,-1.4506797674809349,24.584323030160917,-10.269999999999996,140.4326519877409,119.56334801225907,4.396785714285717,3063928.1,-11429542.0,122.07,132.38,130.6
2023-08-07,121.0,122.1,120.135,120.97,1697356.0,129.5155,126.76004845465458,-1.7534447743670398,24.940898334835296,-6.75,140.69490865586098,118.33609134413904,4.347142857142859,3031504.95,-9732186.0,120.33,124.56,127.72
2023-08-08,120.3,120.3,107.07,110.19,8884549.0,128.4635,125.18194860183033,-2.828625215084628,20.932539675271414,-19.77000000000001,142.546355982775,114.38064401722502,4.789285714285717,3390406.25,-18616735.0,120.97,122.0,129.96
2023-08-09,110.71,114.66,109.8,110.96,4580817.0,127.328,123.82747730641792,-3.577439361512859,24.166885323055936,-19.730000000000004,143.1927581632671,111.46324183673292,4.855714285714288,3504728.4,-14035918.0,110.19,123.81,130.69
2023-08-10,112.25,115.94,112.15,113.27,3391864.0,126.29249999999999,122.82200327723525,-3.9394096166974464,28.5360416051646,-16.090000000000018,143.0097345673245,109.5752654326755,4.9475000000000025,3586129.95,-10644054.0,110.96,122.07,129.36
2023-08-11,112.35,112.7,110.55,111.69,3250379.0,125.011,121.76181248892713,-4.303901078205456,29.48553876598929,-20.689999999999998,142.09435958577362,107.92764041422637,4.793928571428573,3594273.9,-13894433.0,113.27,120.33,132.38
2023-08-14,111.82,116.01,111.54,115.76,3141921.0,123.92649999999999,121.1902112995055,-4.216279851383888,32.64058678589318,-8.799999999999997,140.42897225497794,107.42402774502203,4.806071428571429,3636842.7,-10752512.0,111.69,120.97,124.56
2023-08-15,115.0,117.25,114.26,114.51,2598242.0,122.75550000000001,120.5540006995526,-4.199130498067959,30.46837275648099,-7.489999999999995,138.3741305417601,107.13686945823991,4.864642857142859,3663079.85,-13350754.0,115.76,110.19,122.0
2023-08-16,114.84,115.42,110.99,111.16,2809652.0,121.63199999999999,119.65933396626188,-4.404679903597582,29.051565368169364,-12.650000000000006,137.18955710765334,106.07444289234664,4.986785714285716,3655099.85,-16160406.0,114.51,110.96,123.81
2023-08-17,111.1,111.5,107.625,107.81,3967226.0,120.48999999999998,118.53082596947503,-4.782391831581833,21.932830698947697,-14.259999999999991,136.60353533687228,104.37646466312769,4.731428571428572,3689076.35,-20127632.0,111.16,113.27,122.07
2023-08-18,107.41,107.79,105.75,106.05,3729187.0,119.2625,117.34217587714407,-5.164028722791798,25.457438335815326,-14.280000000000001,135.86614560475866,102.65885439524135,4.207857142857144,3510567.15,-23856819.0,107.81,111.69,120.33
2023-08-21,106.0,106.5,104.45,104.68,3425109.0,118.1105,116.13625436503511,-5.513329424976391,26.286966035925047,-16.289999999999992,135.42531200408604,100.79568799591397,4.061428571428571,3535043.0,-27281928.0,106.05,115.76,120.97
2023-08-22,104.38,107.4599,104.14,106.98,3200723.0,116.9615,115.26423013979368,-5.5408727751034235,27.262901908087528,-3.2099999999999937,134.01334820975194,99.90965179024806,4.02785,3592268.65,-24081205.0,104.68,114.51,110.19
2023-08-23,107.15,107.68,103.99,104.38,3821598.0,115.646,114.22763679314666,-5.7065012984821095,26.64378134742506,-6.579999999999998,132.2930979294796,98.99890207052043,3.9857071428571436,3700669.5,-27902803.0,106.98,111.16,110.96
2023-08-24,104.99,105.01,100.78,100.98,4648725.0,114.227,112.96595709856126,-6.0422025167714395,25.52491777492162,-12.289999999999992,130.79008145751928,97.66391854248072,4.077850000000001,3764156.6,-32551528.0,104.38,107.81,113.27
2023-08-25,100.92,102.11,99.015,100.76,4428357.0,112.646,111.80348499393638,-6.25388198525377,24.162618247551094,-10.929999999999993,127.89779457948259,97.39420542051741,4.158564285714287,3735235.75,-36979885.0,100.98,106.05,111.69
2023-08-28,102.07,103.29,98.75,99.29,4197992.0,111.38250000000001,110.6117245183234,-6.4656209774449,31.7114093810752,-16.47,126.66539429050448,96.09960570949553,3.537850000000002,3665314.35,-41177877.0,100.76,104.68,115.76
2023-08-29,99.3,101.65,98.02,100.58,7650584.0,110.3115,109.65632218324498,-6.454989315499901,32.88258573679565,-13.930000000000007,125.46311589436992,95.15988410563007,3.4499928571428597,3848476.3,-33527293.0,99.29,106.98,114.51
2023-08-30,101.03,106.95,100.75,103.42,5806376.0,109.292,109.06238673722164,-6.146689693412483,34.03565638649923,-7.739999999999995,123.32174374226703,95.26225625773297,3.622135714285718,3973998.6,-27720917.0,100.58,104.38,111.16
2023-08-31,103.53,105.06,100.9,100.98,3707435.0,108.2375,108.292635619391,-6.029614671775647,33.11258276683772,-6.829999999999998,121.36467370471193,95.11032629528806,3.7657071428571456,4058314.6,-31428352.0,103.42,100.98,107.81
2023-09-01,102.32,102.695,100.51,101.895,2524566.0,107.31575000000001,107.68333698897281,-5.796220418614382,25.722290304321035,-4.155000000000001,119.41654652663178,95.21495347336824,3.602492857142859,4073132.9,-28903786.0,100.98,100.76,106.05
2023-09-05,101.94,102.97,99.93,100.33,3173829.0,106.28375000000001,106.98301918049921,-5.672080340744927,25.441634902799308,-4.3500000000000085,116.91241772608754,95.65508227391248,3.6060642857142873,4146956.55,-32077615.0,101.895,99.29,104.68
2023-09-06,105.446,108.28,104.22,106.88,6645067.0,106.11825000000002,106.97320782997548,-4.98792615298953,43.327096956452145,-0.10000000000000853,116.59277713415773,95.6437228658423,3.5796357142857156,4034982.45,-25432548.0,100.33,100.58,106.98
2023-09-07,106.75,107.59,100.76,104.91,5294961.0,105.81575000000001,106.7767118461683,-4.55214376496798,45.27533396435793,0.5300000000000011,116.04817383951988,95.58332616048014,3.790707142857144,4070689.65,-30727509.0,106.88,103.42,104.38
2023-09-08,104.92,107.14,104.175,104.35,3575720.0,105.36975,106.5455964322475,-4.203494357625601,47.11766698339615,3.3699999999999903,114.99363611462978,95.74586388537021,3.8567785714285727,4079882.45,-34303229.0,104.91,100.98,100.98
2023-09-11,104.35,108.09,103.95,107.29,3496342.0,105.14975,106.6164920101287,-3.647993037791764,54.2015453715769,6.530000000000001,114.35746900149661,95.94203099850338,4.006064285714287,4092180.6,-30806887.0,104.35,101.895,100.76
2023-09-12,106.56,107.34,103.4,104.86,4416324.0,104.60475,106.44920705678311,-3.3649742312884143,46.601474810759186,5.569999999999993,112.34093937543716,96.86856062456283,4.050357142857144,4155900.75,-35223211.0,107.29,100.33,99.29
2023-09-13,104.99,106.96,104.78,105.22,2997691.0,104.14025,106.33213971804186,-3.076179119965616,51.45077717719134,4.640000000000001,110.33414043204718,97.94635956795281,3.9424999999999994,4175873.2,-32225520.0,104.86,106.88,100.58
2023-09-14,106.23,106.6,100.93,101.55,6447867.0,103.65974999999999,105.8766978401331,-3.107530798961349,50.97535931849229,-1.8700000000000045,108.99178276631413,98.32771723368585,4.045357142857141,4357783.95,-38673387.0,105.22,104.91,103.42
2023-09-15,101.85,102.33,95.855,96.35,9075967.0,103.08675000000001,104.96939328392995,-3.5113745003634875,43.55263156111879,-4.63000000000001,108.97494539417596,97.19855460582406,4.286785714285712,4613221.0,-47749354.0,101.55,104.35,100.98
2023-09-18,95.69,96.64,94.85,95.295,3176536.0,102.549,104.04802249498424,-3.8718949192709857,44.08761282766828,-6.599999999999994,109.2112823653598,95.8867176346402,4.090357142857141,4585588.45,-50925890.0,96.35,107.29,101.895
2023-09-19,95.29,95.31,92.77,94.16,3644661.0,102.023,103.1063060668905,-4.200746107665566,40.4549509198225,-6.170000000000002,109.57818880602804,94.46781119397195,4.0124999999999975,4596566.05,-54570551.0,95.295,104.86,100.33
2023-09-20,95.37,95.81,92.36,92.63,3092472.0,101.3055,102.10856263194854,-4.532542198603281,33.30754949052272,-14.25,109.5707684230615,93.0402315769385,3.8160714285714263,4591153.5,-57663023.0,94.16,105.22,106.88
2023-09-21,92.34,92.38,88.85,89.08,5326901.0,100.5405,100.86774714319154,-5.02397208149749,32.20161530209923,-15.829999999999998,110.30402443913971,90.77697556086028,3.771071428571427,4666418.65,-62989924.0,92.63,101.55,104.91
2023-09-22,88.4,89.0,87.14,87.5,4556379.0,99.8665,99.59462836764949,-5.477754684857004,28.88986653748475,-16.849999999999994,111.23197315337087,88.50102684662913,3.747857142857142,4661801.35,-67546303.0,89.08,96.35,104.35
2023-09-25,87.13,87.22,85.31,86.06,3667641.0,99.1315,98.30561614215907,-5.8857061263008745,28.996173081956258,-21.230000000000004,112.04899531693941,86.2140046830606,3.6671428571428564,4623765.55,-71213944.0,87.5,95.295,107.29
2023-09-26,85.62,88.74,85.34,88.62,4819173.0,98.598,97.3831765095725,-5.934067808882446,19.546364233700857,-16.239999999999995,112.34279476594278,84.85320523405721,3.6199999999999983,4654824.6,-66394771.0,86.06,94.16,104.86
2023-09-27,89.56,92.94,89.56,92.09,6709225.0,98.17349999999999,96.87906446104178,-5.627565376598838,29.637865298128034,-13.129999999999995,112.1824355318966,84.16456446810338,3.373571428571427,4607756.65,-59685546.0,88.62,92.63,105.22
2023-09-28,92.09,96.17,91.63,95.46,7205193.0,97.7755,96.74391546475209,-5.054502022759436,37.037037021915474,-6.090000000000003,111.60801733378516,83.94298266621483,3.486071428571427,4677697.5,-52480353.0,92.09,89.08,101.55
2023-09-29,97.37,97.58,93.13,93.3,5417039.0,97.3915,96.41592351572808,-4.720203891874817,29.125634126894667,-3.049999999999997,111.27575996360034,83.50724003639965,3.5082142857142844,4763177.7,-57897392.0,95.46,87.5,96.35
2023-10-02,92.86,96.18,91.8015,94.55,3244917.0,97.02425000000001,96.23821651423017,-4.30479443301418,34.05505720764704,-0.7450000000000045,110.79504567131275,83.25345432868727,3.539535714285713,4799195.25,-54652475.0,93.3,86.06,95.295
2023-10-03,93.67,94.36,90.24,90.94,3026831.0,96.55474999999998,95.73362446525587,-4.218217619030042,29.932546362589775,-3.219999999999999,110.49029239497328,82.61920760502669,3.678107142857143,4791845.35,-57679306.0,94.55,88.62,94.16
2023-10-04,91.16,91.39,85.54,87.7,5793376.0,95.59575,94.96851737332675,-4.360749425633784,30.298719760336212,-4.929999999999993,109.17475131007211,82.01674868992788,3.690964285714286,4749260.8,-63472682.0,90.94,92.09,92.63
2023-10-05,88.1,88.1,80.8,84.0,9019418.0,94.55024999999999,93.92389667110515,-4.717851383526025,31.649331338986897,-5.079999999999998,108.32814093744767,80.77235906255231,3.7498928571428576,4935483.65,-72492100.0,87.7,95.46,89.08
2023-10-06,82.55,83.6902,81.07,83.22,6761720.0,93.49375,92.9044779405237,-5.00608289423036,31.910112346165036,-4.280000000000001,107.34794901196565,79.63955098803436,3.809192857142858,5094783.65,-79253820.0,84.0,93.3,87.5
2023-10-09,82.49,83.32,80.8,83.09,3165061.0,92.28375000000001,91.96976575571192,-5.1852243991514655,32.9008340914238,-2.969999999999999,105.26413150238122,79.3033684976188,3.8077642857142857,5078219.6,-82418881.0,83.22,94.55,86.06
2023-10-10,82.91,86.4,81.115,85.21,5266928.0,91.30125,91.32597854088222,-5.0973819864641285,38.74393202237816,-3.410000000000011,103.20347176296208,79.39902823703791,3.938835714285715,5120749.8,-77151953.0,83.09,90.94,88.62
2023-10-11,84.31,85.02,77.91,78.97,8706833.0,89.98875,90.14921867984582,-5.468211132839116,35.82047684427805,-13.120000000000005,101.19752188211332,78.77997811788667,4.1945500000000004,5406206.9,-85858786.0,85.21,87.7,92.09
2023-10-12,79.69,80.14,75.04,75.49,9338951.0,88.68575,88.7531026150986,-5.97401842090089,34.007989334857186,-19.97,100.28764425323075,77.08385574676925,4.425978571428572,5550761.1,-95197737.0,78.97,84.0,95.46
2023-10-13,75.0,76.435,74.75,76.19,5124584.0,87.67775,87.55661665175587,-6.246388183719787,36.59331701949722,-17.11,99.95910534908575,75.39639465091426,4.4099071428571435,5353191.95,-90073153.0,75.49,83.22,93.3
2023-10-16,77.58,80.19,76.17,78.95,5271468.0,86.8605,86.73693887539817,-6.168440190864956,36.93596323920281,-15.599999999999994,99.18286900497331,74.53813099502669,4.454192857142858,5457938.55,-84801685.0,76.19,83.09,94.55
2023-10-17,77.38,82.56,76.81,80.49,5476119.0,86.17699999999999,86.14199231583643,-5.91423113717741,33.4663625864159,-10.450000000000003,98.30960782484824,74.04439217515174,4.623478571428572,5549511.45,-79325566.0,78.95,85.21,90.94
2023-10-18,81.49,85.27,81.465,84.12,7717036.0,85.7515,85.9494216190901,-5.3581069634117995,33.95585737194732,-3.5799999999999983,97.52273930335424,73.98026069664574,4.570978571428571,5780739.65,-71608530.0,80.49,78.97,87.7
2023-10-19,83.69,87.48,83.61,86.04,6634187.0,85.5995,85.95804813155772,-4.708180445310617,39.658119642301614,2.0400000000000063,97.26782956068828,73.93117043931173,4.52955,5846103.95,-64974343.0,84.12,75.49,84.0
2023-10-20,86.02,87.35,85.48,85.97,4652443.0,85.523,85.9591864047427,-4.150908002372788,37.352594324205896,2.75,97.15888297601728,73.88711702398271,4.350371428571428,5850907.15,-69626786.0,86.04,76.19,83.22
2023-10-23,85.75,87.98,85.6,86.02,4042385.0,85.52099999999999,85.96497817571958,-3.6630062162547574,41.89723318226083,2.9299999999999926,97.1565080860718,73.88549191392818,4.2260857142857144,5869644.35,-65584401.0,85.97,78.95,83.09
2023-10-24,85.4,86.84,85.26,86.35,4375201.0,85.4075,86.00164692088914,-3.2126794165797463,47.540983582310595,1.1400000000000006,96.95971350400411,73.85528649599588,3.9210857142857143,5847445.75,-61209200.0,86.02,80.49,85.21
2023-10-25,85.85,86.37,83.06,84.35,4112462.0,85.0205,85.8443472141378,-2.982786344096226,50.67961162293146,5.3799999999999955,96.14062774443806,73.90037225556193,3.636085714285715,5717607.6,-65321662.0,86.35,84.12,78.97
2023-10-26,84.18,84.23,80.925,81.09,6707774.0,84.30199999999999,85.39155224136277,-3.0287276846615754,46.22741761788226,5.6000000000000085,94.39120966076811,74.21279033923187,3.685,5692736.65,-72029436.0,84.35,86.04,75.49
2023-10-27,92.73,92.988,86.27,89.29,14954605.0,84.1015,85.7628329802806,-2.376093644953187,58.53994488100388,13.100000000000009,93.57861764975817,74.62438235024183,3.9848571428571438,6169614.95,-57074831.0,81.09,85.97,76.19
2023-10-30,90.16,90.59,84.71,84.91,7038390.0,83.61949999999999,85.68161079168246,-2.1870852214196077,49.61099583261012,5.959999999999994,91.7430317053859,75.49596829461407,4.027357142857143,6359288.6,-64113221.0,89.29,86.02,78.95
2023-10-31,85.73,89.47,85.41,88.83,5391891.0,83.51400000000001,85.9814573829508,-1.7013787000062592,63.603752734810904,8.340000000000003,91.28436041973735,75.74363958026267,3.8095000000000008,6477541.6,-58721330.0,84.91,86.35,80.49
2023-11-01,88.26,94.405,87.8101,94.13,6016837.0,83.8355,86.757509060765,-0.8786680719409503,74.48765104984689,10.009999999999991,92.77868317284998,74.89231682715001,3.9162785714285726,6488714.65,-52704493.0,88.83,84.35,84.12
2023-11-02,94.84,95.8299,92.07,93.67,4425684.0,84.319,87.41584153116834,-0.26077543550509574,73.10946586399967,7.6299999999999955,94.28655135426898,74.35144864573103,4.064485714285715,6259027.95,-57130177.0,94.13,81.09,86.04
2023-11-03,96.57,99.01,96.07,97.46,5092341.0,85.03099999999999,88.37242805200945,0.5286304761054765,73.82239379579116,11.489999999999995,96.57735125779614,73.48464874220385,3.9873428571428593,6175559.0,-52037836.0,93.67,89.29,85.97
2023-11-06,97.78,98.91,94.34,94.84,4019706.0,85.6185,88.98838728515142,0.9320873607300371,67.96894563106525,8.820000000000007,97.9200399549466,73.31696004505339,3.9030571428571443,6218291.25,-56057542.0,97.46,84.91,86.02
2023-11-07,95.8097,97.62,95.09,95.19,3273453.0,86.1175,89.57901706751795,1.2654836465769534,65.10231921114783,8.840000000000003,99.1379226222941,73.09707737770592,3.8119857142857163,6118617.5,-52784089.0,94.84,88.83,86.35
2023-11-08,95.22,95.57,91.485,92.76,4631696.0,86.807,89.88196782299244,1.3184268441658702,59.04198060208322,8.41000000000001,99.69356599555852,73.92043400444149,3.8273428571428587,5914860.65,-57415785.0,95.19,94.13,84.35
2023-11-09,93.27,95.29,91.71,92.4,4663643.0,87.6525,90.12178041127888,1.316164168758462,58.584779684374205,11.310000000000002,99.59721277000352,75.70778722999648,3.9494857142857174,5681095.25,-62079428.0,92.76,93.67,81.09
2023-11-10,93.61,95.07,91.59,94.05,4185668.0,88.54549999999999,90.49589656258566,1.4310145544477706,60.28169011923321,4.759999999999991,99.51245414223497,77.57854585776501,4.028057142857144,5634149.45,-57893760.0,92.4,97.46,89.29
2023-11-13,96.8,100.57,94.5501,98.35,5725913.0,89.5155,91.24390641376797,1.8477048880697424,63.94700137388988,13.439999999999998,100.33982441066689,78.69117558933311,4.345192857142858,5656871.7,-52167847.0,94.05,94.84,84.91
2023-11-14,100.0,103.85,99.26,101.38,5479586.0,90.55999999999999,92.20924866007579,2.3948217817640085,69.33030644788596,12.549999999999997,101.74293436682082,79.37706563317916,4.436621428571429,5657045.05,-46688261.0,98.35,95.19,88.83
2023-11-15,101.38,104.245,100.86,102.11,4159505.0,91.4595,93.15217735911618,2.854416103868118,75.31310209406593,7.980000000000004,103.3340414980733,79.5849585019267,4.442335714285714,5479168.5,-42528756.0,101.38,92.76,94.13
2023-11-16,102.0,105.19,102.0,104.77,5726929.0,92.396,94.25863665824797,3.3941597394021272,71.51195105610987,11.099999999999994,105.37395929136828,79.41804070863172,4.190335714285714,5433805.6,-36801827.0,102.11,92.4,93.67
2023-11-17,104.93,106.74,104.31,104.97,5315982.0,93.346,95.27876650031959,3.7943100900002946,81.5408804672462,7.510000000000005,107.10170526612187,79.59029473387814,3.9439071428571415,5466982.55,-31485845.0,104.77,94.05,97.46
2023-11-20,104.39,109.2,104.06,108.96,4313257.0,94.49300000000001,96.58174111933677,4.382866051369078,81.58142450134488,14.11999999999999,109.44982783705692,79.5361721629431,4.021049999999998,5480526.15,-27172588.0,104.97,98.35,94.84
2023-11-21,108.42,109.65,107.81,108.96,2778012.0,95.62349999999999,97.76062291749517,4.794038093589137,77.90741433606689,13.769999999999996,111.38509125682938,79.8619087431706,3.681414285714285,5400666.7,-27172588.0,108.96,101.38,95.19
2023-11-22,110.0,112.045,109.415,110.8,2747566.0,96.946,99.0024683539242,5.20832800316613,80.64400711524095,18.039999999999992,113.15701691670442,80.73498308329557,3.6007071428571416,5332421.9,-24425022.0,108.96,102.11,92.76
2023-11-24,110.8,113.81,110.44,112.95,1902075.0,98.539,100.33080470116951,5.645068694232975,79.43747620250386,20.549999999999997,114.44827157682766,82.62972842317234,3.6314214285714264,5092136.95,-22522947.0,110.8,104.77,92.4
2023-11-27,112.07,115.09,112.03,113.98,3687258.0,99.77349999999998,101.63072806296289,6.005077829439841,88.71359218276741,19.930000000000007,116.47300553948084,83.07399446051913,3.523564285714284,4528769.6,-18835689.0,112.95,104.97,94.05
2023-11-28,113.37,113.77,111.29,112.2,4492399.0,101.138,102.63732539029975,6.076708752515287,82.52390052943272,13.850000000000009,117.17024461416479,85.10575538583522,3.519992857142855,4401470.05,-23328088.0,113.98,108.96,98.35
2023-11-29,113.38,117.44,113.0,116.18,4734844.0,102.50549999999998,103.92710392455692,6.381070750913835,92.27436818441006,14.800000000000011,118.78128048900606,86.2297195109939,3.5453499999999982,4368617.7,-18593244.0,112.2,108.96,101.38
2023-11-30,116.94,117.26,114.86,115.52,4537499.0,103.575,105.03118926507531,6.494162861646643,91.28571424007139,13.409999999999997,120.33731048010907,86.81268951989094,3.4610642857142833,4294650.8,-23130743.0,116.18,110.8,102.11
2023-12-01,114.24,117.5,113.01,116.62,3075029.0,104.7225,106.13488552554433,6.596509070859284,91.11111106464276,11.850000000000009,121.76955175929862,87.67544824070137,3.5332071428571408,4227118.05,-20055714.0,115.52,112.95,104.77
2023-12-04,116.25,118.79,116.1998,118.24,3085082.0,105.7615,107.28775357073059,6.730751129784721,90.14937419208349,13.269999999999996,123.4651889108634,88.05781108913659,3.288228571428571,4126755.1,-16970632.0,116.62,113.98,104.97
2023-12-05,116.37,117.82,115.64,117.2,2768267.0,106.87950000000001,108.23177704018482,6.676260119197238,84.7234415633833,8.240000000000009,124.50310555140678,89.25589444859324,3.1160857142857137,4064183.15,-19738899.0,118.24,112.2,108.96
2023-12-06,117.74,119.06,116.38,117.94,2494462.0,108.01699999999998,109.15636970302437,6.616516081277354,84.7301447483009,8.980000000000004,125.39891207457964,90.63508792542032,3.065728571428571,4025233.6,-17244437.0,117.2,116.18,108.96
2023-12-07,118.3,119.48,117.51,118.89,2391816.0,109.32350000000001,110.08338211226014,6.570089368013669,83.49146104511951,8.090000000000003,125.78032616328007,92.86667383671995,2.978585714285714,3913239.6,-14852621.0,117.94,115.52,110.8
2023-12-08,118.48,119.39,116.92,116.97,2375826.0,110.55199999999999,110.73925048252107,6.305680389356908,76.31578942682363,4.019999999999996,125.2654647964301,95.83853520356989,2.981442857142857,3798848.75,-17228447.0,118.89,116.62,112.95
2023-12-11,117.66,118.69,115.38,117.9,3735643.0,111.74449999999999,111.42122662704287,6.100850550187644,72.64437684817521,3.9200000000000017,124.57164797853196,98.91735202146802,2.8507285714285717,3776347.5,-13492804.0,116.97,118.24,113.98
2023-12-12,118.54,120.11,116.81,119.16,2564421.0,112.785,112.15825266256259,5.971358501242932,74.28571423619047,6.959999999999994,124.35145694738837,101.21854305261162,2.9550142857142854,3618272.9,-10928383.0,117.9,117.2,112.2
2023-12-13,119.14,122.38,118.425,122.29,2811964.0,113.83049999999999,113.12318098041378,6.051540925767711,75.77388958901595,6.109999999999999,124.82215707539847,102.83884292460151,3.049657142857143,3484891.8,-8116419.0,119.16,117.94,116.18
2023-12-14,123.42,126.37,122.335,123.1,3705414.0,114.88000000000002,114.07335422037437,6.110013696196859,74.22434362581664,7.579999999999998,125.14391738080548,104.61608261919457,3.097157142857143,3462187.25,-4411005.0,122.29,118.89,115.52
2023-12-15,123.02,123.57,121.08,122.59,5084294.0,115.771,114.88446334224348,6.0455122093433715,71.07195296157576,5.969999999999999,125.4147313154303,106.1272686845697,3.0564428571428572,3430055.5,-9495299.0,123.1,116.97,116.62
2023-12-18,121.85,124.5,119.55,123.35,2571283.0,116.68999999999998,115.69070492869648,5.986708773499473,78.72230803183348,5.109999999999999,125.4637143307664,107.91628566923357,3.2328714285714293,3292820.55,-6924016.0,122.59,117.9,118.24
2023-12-19,123.63,124.58,122.91,123.29,2482221.0,117.40650000000001,116.41444731643966,5.867626769077134,72.95029044407337,6.090000000000003,125.85679373516258,108.95620626483743,3.0350142857142868,3201268.75,-9406237.0,123.35,119.16,117.2
2023-12-20,122.48,123.2899,115.64,116.64,5202522.0,117.7905,116.4359285243978,5.176977892533429,52.60707631580546,-1.2999999999999972,125.26650364675658,110.31449635324341,3.4100071428571437,3322494.25,-14608759.0,123.29,122.29,117.94
2023-12-21,118.59,122.92,118.36,122.8,2837320.0,118.3905,117.04203056969324,5.0682695780381835,61.642803283232894,3.9099999999999966,125.41689377445404,111.36410622554597,3.4150071428571445,3326981.95,-11771439.0,116.64,123.1,118.89
2023-12-22,122.38,122.61,120.23,122.17,1829088.0,118.85149999999999,117.53040861067484,4.875084837581767,57.69080231672522,5.200000000000003,125.57840833812057,112.1245916618794,3.3999928571428577,3323332.6,-13600527.0,122.8,122.59,116.97
2023-12-26,123.3,123.86,121.88,123.55,1412776.0,119.33,118.10370302870581,4.778258065432212,62.2634221370534,5.6499999999999915,125.95862691187585,112.70137308812414,3.385707142857144,3209608.5,-12187751.0,122.17,123.35,117.9
2023-12-27,124.02,124.25,122.264,123.73,1844433.0,119.90650000000001,118.63954083549574,4.662302498179301,61.42913537860217,4.570000000000007,125.89921232853996,113.91378767146006,3.336135714285715,3077210.2,-10343318.0,123.55,123.29,119.16
2023-12-28,124.31,125.72,123.51,124.16,1290397.0,120.30550000000001,119.1652988511628,4.55262441410332,60.62071741843249,1.8699999999999903,126.3161273426852,114.29487265731481,3.353278571428572,2904987.85,-9052921.0,123.73,116.64,122.29
2023-12-29,123.78,124.78,123.65,124.09,1301730.0,120.73400000000001,119.63431800819491,4.409228484131404,65.50522644089406,0.9900000000000091,126.52610860613532,114.9418913938647,3.257564285714286,2743199.4,-10354651.0,124.16,122.8,123.1
2024-01-02,123.15,126.225,122.4,123.09,2091561.0,121.0575,119.96343057884302,4.166861618282468,61.2679113826422,0.5,126.5994581376986,115.5155418623014,3.2943499999999992,2694026.0,-12446212.0,124.09,122.17,122.59
2024-01-03,123.44,123.44,119.645,120.27,1895900.0,121.15900000000002,119.99262766657225,3.704530377223122,52.25701501701513,-3.0799999999999983,126.55615285566125,115.76184714433879,3.3297071428571425,2634566.9,-14342112.0,123.09,123.55,123.35
2024-01-04,120.03,122.8,119.86,121.83,1946375.0,121.3905,120.16761550785108,3.424532515109334,49.000868779929945,-1.460000000000008,126.45988582390244,116.32111417609757,3.2572071428571427,2593472.3,-12395737.0,120.27,123.73,123.29
2024-01-05,121.27,124.99,120.5,123.98,2084883.0,121.69250000000002,120.5306997451986,3.3376447964574965,51.80623970750054,7.340000000000003,126.61386427383646,116.77113572616359,3.2897071428571416,2572993.35,-10310854.0,121.83,124.16,116.64
2024-01-08,125.71,130.32,123.67,129.63,3725697.0,122.22949999999999,121.3972997694654,3.682246461801796,61.932203360438955,6.829999999999998,128.1130487858769,116.34595121412306,3.5868499999999983,2639687.4,-6585157.0,123.98,124.09,122.8
2024-01-09,128.81,132.03,128.38,129.7,2714651.0,122.86600000000001,122.18803312475441,3.915854634001363,61.02047897069467,7.529999999999987,129.09783811694385,116.63416188305617,3.493992857142856,2656628.65,-3870506.0,129.63,123.09,122.17
2024-01-10,130.04,130.74,127.97,128.0,2350982.0,123.37100000000001,122.7415537795397,3.918643396762363,57.73399012123888,4.450000000000003,129.5450778983377,117.19692210166232,3.572564285714285,2587395.6,-6221488.0,129.7,120.27,123.55
2024-01-11,127.97,130.3,126.72,128.93,2507331.0,123.8595,123.33092961005973,3.950359408297487,74.84836227060751,5.200000000000003,130.17512298464814,117.54387701535187,3.2818571428571426,2584541.1,-3714157.0,128.0,121.83,123.73
2024-01-12,128.93,130.0,124.06,125.0,3646326.0,123.995,123.48988869481595,3.6166856805561594,54.88888885473582,0.8400000000000034,130.2850740519451,117.70492594805494,3.380428571428571,2626259.2,-7360483.0,128.93,123.98,124.16
2024-01-16,123.59,124.94,121.29,124.46,3116917.0,124.06299999999999,123.58228024769062,3.2709677001964224,55.109326159235565,0.36999999999999034,130.34172967373135,117.78427032626861,3.471142857142856,2596834.35,-10477400.0,125.0,129.63,124.09
2024-01-17,123.0,125.53,122.54,125.45,1905712.0,124.20599999999999,123.76015831933913,3.0418043719850374,54.31425972931883,2.3599999999999994,130.47373996034707,117.93826003965289,3.543285714285713,2437905.25,-8571688.0,124.46,129.7,123.09
2024-01-18,126.26,128.0,125.2967,127.45,3594834.0,124.41100000000002,124.1115718127354,2.9871401086585934,57.802013388874656,7.180000000000007,130.82729471694861,117.99470528305142,3.5945214285714266,2489082.8,-4976854.0,125.45,128.0,120.27
2024-01-19,127.12,127.99,125.06,127.29,2819435.0,124.61099999999999,124.41427925914155,2.8975069696184192,56.639796317651395,5.460000000000008,131.12873257312253,118.09326742687745,3.6459499999999982,2505943.5,-7796289.0,127.45,128.93,121.83
2024-01-22,129.2,130.31,128.65,129.29,3290126.0,125.2435,124.87863361541379,2.9538056546270184,60.1960783983237,5.309999999999988,130.9029412035861,119.58405879641388,3.683807142857141,2410323.7,-4506163.0,127.29,125.0,123.98
2024-01-23,129.15,129.3192,125.3883,127.12,1823113.0,125.4595,125.09209708061248,2.791147349901081,57.5553055565889,-2.509999999999991,131.05567341065407,119.86332658934595,3.691371428571427,2359613.35,-6329276.0,129.29,124.46,129.63
2024-01-24,128.1,128.56,125.74,127.42,1762073.0,125.72200000000001,125.31380212055414,2.6558321757305094,64.80331259183248,-2.279999999999987,131.15873896065668,120.28526103934334,3.6217285714285703,2356262.6,-4567203.0,127.12,125.45,129.7
2024-01-25,129.14,129.39,125.24,126.505,1680134.0,125.86975,125.42724953764423,2.4465586864778714,59.944692582887654,-1.4950000000000045,131.21784407762843,120.52165592237156,3.7081571428571416,2369630.5,-6247337.0,127.42,127.45,128.0
2024-01-26,126.07,126.39,119.71,121.96,3851213.0,125.78125,125.09703529596382,1.8921529563153001,46.10038607546695,-6.970000000000013,131.33312960111434,120.22937039888566,3.8645857142857136,2469969.5,-10098550.0,126.505,127.29,128.93
2024-01-29,121.88,124.26,119.55,124.25,2675364.0,125.78575000000001,125.01636526777679,1.6189045148981336,38.065661023384244,-0.75,131.33223990472032,120.2392600952797,3.726014285714286,2539217.85,-7423186.0,121.96,129.29,125.0
2024-01-30,123.14,123.24,120.6,120.79,2680756.0,125.62075,124.61385428989328,1.1103605895934976,32.81912840495693,-3.6699999999999875,131.56194098019617,119.67955901980385,3.6538714285714287,2608169.15,-10103942.0,124.25,127.12,124.46
2024-01-31,121.23,123.06,120.12,121.35,2392795.0,125.53374999999998,124.30301102418916,0.7439474134146877,36.58733358159649,-4.1000000000000085,131.678453217535,119.38904678246496,3.6660142857142852,2623230.85,-7711147.0,120.79,127.42,125.45
2024-02-01,122.15,123.87,119.92,122.6,2478180.0,125.65024999999999,124.14081949807591,0.548108610964448,37.39545995525539,-4.8500000000000085,131.4536233157631,119.84687668423685,3.6924428571428556,2652344.85,-5232967.0,121.35,126.505,127.45
2024-02-02,122.21,122.45,119.6302,120.96,2559747.0,125.60674999999999,123.83788430778297,0.25760121239676437,41.14811566274873,-6.3300000000000125,131.54223142418527,119.67126857581472,3.4695714285714274,2683013.45,-7792714.0,122.6,121.96,127.29
2024-02-05,120.71,121.802,119.6,121.23,2714769.0,125.46924999999999,123.5895143737084,0.04859853275105763,42.83813744568809,-8.059999999999988,131.6842355188895,119.25426448111048,3.3661428571428575,2714507.75,-5077945.0,120.96,124.25,129.29
2024-02-06,121.81,124.98,120.43,124.92,1988440.0,125.23375000000001,123.71622729049807,0.1786550949642134,48.95049502236408,-2.200000000000003,131.13387209953999,119.33362790046006,3.477571428571429,2627644.9,-3089505.0,121.23,120.79,127.12
2024-02-07,124.92,127.13,124.275,126.61,2246575.0,125.07925,123.99182469140301,0.4133301020071798,48.31595827279777,-0.8100000000000023,130.63894733651844,119.51955266348155,3.4884071428571426,2604241.1,-842930.0,124.92,121.35,127.42
2024-02-08,127.2,127.37,125.21,127.05,4298564.0,125.03174999999999,124.28307948269796,0.6275816825616403,49.5241871255615,0.5450000000000017,130.50189026087907,119.5616097391209,3.433407142857144,2701620.2,3455634.0,126.61,122.6,126.505
2024-02-09,123.0,124.9871,120.29,120.47,5639150.0,124.60875000000001,123.91992905577435,0.26339045765931246,35.20134226534165,-1.4899999999999949,130.1179039851038,119.09959601489624,3.6503428571428578,2858211.15,-2183516.0,127.05,120.96,121.96
2024-02-12,119.53,120.5,117.14,118.42,5252213.0,124.27975,123.39612628855774,-0.18847889312328903,35.34366575152252,-5.829999999999998,130.4381661283996,118.12133387160043,3.609564285714287,2938505.5,-7435729.0,120.47,121.23,124.25
2024-02-13,116.52,120.24,116.26,117.03,3308294.0,123.90825,122.78982854679033,-0.6512428580146405,33.1166720681302,-3.760000000000005,130.86548877093455,116.95101122906544,3.6924214285714285,2948074.35,-10744023.0,118.42,124.92,120.79
2024-02-14,117.03,117.7,114.96,116.75,3158222.0,123.47325000000001,122.21460678042935,-1.028721826562517,33.814501394610815,-4.599999999999994,131.08202767000617,115.86447232999386,3.591707142857144,3010699.85,-13902245.0,117.03,126.61,121.35
2024-02-15,117.08,118.51,116.05,117.69,3125665.0,122.98525,121.78369184895989,-1.2377583826988143,41.95250657416754,-4.909999999999997,130.7700215546379,115.20047844536207,3.2902785714285727,2987241.4,-10776580.0,116.75,127.05,122.6
2024-02-16,116.83,118.805,116.32,117.05,3971529.0,122.47325000000001,121.33286405382086,-1.4384820801452207,35.53054660380111,-3.9099999999999966,130.41138067946198,114.53511932053804,3.1313500000000016,3044846.1,-14748109.0,117.69,120.47,120.96
2024-02-20,116.73,119.095,116.73,117.87,3198888.0,121.90225000000001,121.00306747726648,-1.5139381772975042,43.43525177121881,-3.3599999999999994,129.40687487228303,114.397625127717,3.1117071428571443,3040284.2,-11549221.0,117.05,118.42,121.23
2024-02-21,117.0,117.96,115.3,116.39,2933632.0,121.36575,120.56372771752682,-1.6738660148898532,39.29188253237971,-8.530000000000001,128.8338641669454,113.89763583305461,3.091707142857144,3095810.15,-14482853.0,117.87,117.03,124.92
2024-02-22,117.55,118.0,115.36,117.5,3037323.0,120.86975,120.27194412538141,-1.6915432034940352,38.922675910299,-9.11,127.95257167605119,113.7869283239488,2.9981357142857155,3159572.65,-11445530.0,116.39,116.75,126.61
2024-02-23,117.13,118.49,116.01,116.26,6214003.0,120.3575,119.88985420867841,-1.7850333797939015,39.61096372437874,-10.789999999999992,127.20218253079514,113.51281746920486,2.973864285714286,3386266.1,-17659533.0,117.5,117.69,127.05
2024-02-26,116.35,118.19,115.852,116.17,2812732.0,120.06800000000001,119.53558237928047,-1.8451178947173332,38.725490171918146,-4.299999999999997,127.11411755732067,113.02188244267936,2.9835785714285703,3334342.05,-20472265.0,116.26,117.05,120.47
2024-02-27,116.25,116.415,114.55,115.32,2269287.0,119.6215,119.13409834315853,-1.9389719366464817,25.510204063411066,-3.1000000000000085,126.68354167585991,112.55945832414008,2.7917928571428567,3314038.2,-22741552.0,116.17,117.87,118.42
2024-02-28,115.61,115.71,113.05,114.22,2764224.0,119.293,118.66608897714343,-2.0781570427090372,17.411888466924452,-2.8100000000000023,126.72757951948745,111.85842048051256,2.777864285714286,3318211.6,-25505776.0,115.32,116.39,117.03
2024-02-29,115.09,115.56,114.03,115.07,3557097.0,118.979,118.32360431265359,-2.0957162363618664,19.15550976991878,-1.6800000000000068,126.57646744507342,111.38153255492658,2.7328642857142853,3376426.7,-21948679.0,114.22,117.5,116.75
2024-03-01,114.37,122.23,113.69,121.74,4530844.0,118.936,118.6489753304961,-1.5535108829124482,53.25474112016573,4.049999999999997,126.45652181840168,111.41547818159833,3.0073571428571433,3479059.9,-17417835.0,115.07,116.26,117.69
2024-03-04,121.76,124.3,120.5101,122.3,3477446.0,119.003,118.99669196568695,-1.0663299282202132,60.76581571305651,5.25,126.62266735010911,111.38333264989089,3.0380642857142868,3524944.85,-13940389.0,121.74,116.17,117.05
2024-03-05,123.08,123.91,120.9,121.78,3543599.0,119.0305,119.26176892133581,-0.7139650201574312,63.84839644933658,3.9099999999999966,126.68788577075155,111.37311422924846,2.9687785714285724,3566386.35,-17483988.0,122.3,115.32,117.87
2024-03-06,126.1,133.94,124.12,133.72,9510525.0,119.47049999999999,120.63874330978003,0.5227193070371925,79.45157927412974,17.33,129.26568780884418,109.67531219115581,3.474492857142857,3942490.6,-7973463.0,121.78,114.22,116.39
2024-03-07,135.6,137.93,132.26,133.24,5021506.0,119.80199999999999,121.83886299456287,1.447384016474544,77.4250440534762,15.740000000000009,130.9674629149564,108.63653708504359,3.703778571428572,4081237.15,-12994969.0,133.72,115.07,117.5
2024-03-08,134.0,136.25,132.33,135.25,3761934.0,120.21200000000002,123.11611413793784,2.31568389491612,80.61911167131,18.989999999999995,132.98463621142784,107.4393637885722,3.80627857142857,4054405.65,-9233035.0,133.24,121.74,116.26
2024-03-11,134.65,136.4,133.01,133.04,3227866.0,120.84049999999999,124.0612461248009,2.793289970349747,74.3812278675237,16.86999999999999,134.844310721973,106.83668927802698,3.879492857142857,3933841.45,-12460901.0,135.25,122.3,116.17
2024-03-12,133.0,136.73,130.74,135.38,3364109.0,121.6885,125.13922268434368,3.3223170620988753,79.69971845117936,20.060000000000002,137.06218260509206,106.31481739490795,4.117349999999999,3839436.25,-9096792.0,133.04,121.78,115.32
2024-03-13,136.1,137.4599,131.53,131.68,2945537.0,122.421,125.76215385726333,3.4037791253370244,70.5150462677312,17.460000000000008,138.249424664774,106.592575335226,4.352342857142856,3821298.4,-12042329.0,135.38,133.72,114.22
2024-03-14,132.44,133.0,128.72,129.5,2590030.0,123.05850000000001,126.11813920419063,3.254910042985344,68.64788729687126,14.430000000000007,138.9521217263075,107.16487827369254,4.480914285714285,3792888.8,-14632359.0,131.68,133.24,115.07
2024-03-15,130.95,131.8188,128.62,130.46,3965403.0,123.697,126.53164975617247,3.1777629251461263,69.64531204357894,8.720000000000013,139.70812784087516,107.68587215912483,4.542400000000001,3834875.7,-10666956.0,129.5,135.25,121.74
2024-03-18,131.682,135.58,131.51,134.72,2661607.0,124.58049999999999,127.311492636537,3.4209352577835546,74.38411259322834,12.420000000000002,140.99233459387915,108.16866540612082,4.699900000000001,3769379.6,-8005349.0,130.46,133.04,122.3
2024-03-19,133.83,134.33,131.635,134.17,2267986.0,125.3955,127.96468381400966,3.5285952311316606,75.42696912934035,12.389999999999986,142.0217170587364,108.76928294126358,4.7024000000000035,3722834.5,-10273335.0,134.72,135.38,121.78
2024-03-20,134.87,135.81,131.31,132.53,1921634.0,126.20250000000001,128.39947583172304,3.4419060926720277,71.8140929284009,-1.1899999999999977,142.5527761927423,109.85222380725773,4.914542857142861,3672234.6,-12194969.0,134.17,131.68,133.72
2024-03-21,133.48,136.4494,133.15,133.41,2185478.0,126.998,128.8766686096542,3.404962680080658,67.04645045461146,0.1699999999999875,143.11195550773527,110.88404449226475,4.5402142857142875,3629642.35,-10009491.0,132.53,129.5,133.24
2024-03-22,133.54,134.38,131.36,133.18,1426253.0,127.84399999999998,129.28650969444902,3.318867839264499,66.0471976128419,-2.069999999999993,143.34938840125238,112.33861159874756,4.485221428571429,3390254.85,-11435744.0,133.41,130.46,135.25
2024-03-25,133.39,140.88,133.39,140.1,3917443.0,129.0405,130.3163659140253,3.7656155460101104,72.72952851071432,7.060000000000002,144.44573557618983,113.6352644238102,4.80522142857143,3445490.4,-7518301.0,133.18,134.72,133.04
2024-03-26,140.69,142.0,138.495,139.93,3096190.0,130.27100000000002,131.23195011268956,4.059157304354244,60.8832807272217,4.550000000000011,144.97740805549566,115.56459194450437,4.354150000000002,3486835.55,-10614491.0,140.1,134.17,135.38
2024-03-27,141.55,141.865,138.115,139.48,2031775.0,131.534,132.0174786733858,4.206984524920955,60.94736839111355,7.799999999999983,144.6936694887312,118.37433051126881,4.217007142857144,3450213.1,-12646266.0,139.93,132.53,131.68
2024-03-28,139.98,140.8,138.515,138.7,2519944.0,132.7155,132.65390927592048,4.212638507066998,56.32563253433959,9.199999999999989,143.7175064677222,121.7134935322778,4.100221428571432,3398355.45,-15166210.0,139.48,133.41,129.5
2024-04-01,138.79,139.62,136.98,137.94,1862427.0,133.5255,133.15734648773758,4.108434208563921,59.488768364336096,7.47999999999999,143.45866078385458,123.5923392161454,4.046650000000004,3264934.6,-17028637.0,138.7,133.18,130.46
2024-04-02,136.33,137.99,135.21,136.65,2376530.0,134.243,133.4899801555721,3.8770669189740374,52.56358495212396,1.9300000000000068,142.7298445565079,125.75615544349208,3.817364285714291,3209888.8,-19405167.0,137.94,140.1,134.72
2024-04-03,136.73,139.96,136.585,138.51,1735012.0,135.0795,133.96807728361287,3.7999892189159823,64.89315303495403,4.340000000000003,141.42088113795842,128.73811886204157,3.6348714285714334,3119459.45,-17670155.0,136.65,139.93,134.17
2024-04-04,139.56,139.71,133.23,133.34,3034285.0,135.0605,133.90826039945927,3.283874337457263,57.40740737640034,0.8100000000000023,141.42127941268637,128.6997205873136,3.7920142857142918,2795647.45,-20704440.0,138.51,139.48,132.53
2024-04-05,133.13,139.11,131.74,138.93,2427115.0,135.34499999999997,134.3865213137965,3.288013679995487,63.862520428999204,5.52000000000001,141.86981417360008,128.82018582639986,4.089957142857149,2665927.9,-18277325.0,133.34,138.7,133.41
2024-04-08,139.53,140.91,137.47,139.94,2285596.0,135.5795,134.91542404581588,3.3343563133146574,59.560439529895774,6.759999999999991,142.41944298221944,128.73955701778056,4.044957142857148,2592111.0,-15991729.0,138.93,137.94,133.18
2024-04-09,140.78,141.99,138.525,140.45,2777247.0,135.95,135.44252651764293,3.3733500421380143,61.51870869914671,0.3499999999999943,143.0099716713322,128.89002832866777,4.0999571428571455,2569580.05,-13214482.0,139.94,136.65,140.1
2024-04-10,138.81,140.65,137.42,140.32,1847147.0,136.19699999999997,135.90704780167692,3.3550875785043104,65.12621355682461,0.38999999999998636,143.51398845154296,128.880011548457,4.009242857142861,2493731.95,-15061629.0,140.45,138.51,139.93
2024-04-11,140.1,141.25,138.15,139.62,2070115.0,136.594,136.2606622967553,3.246704308618604,62.143136454047614,0.14000000000001478,143.73864805217775,129.44935194782224,3.9950000000000045,2449960.85,-17131744.0,140.32,133.34,139.48
2024-04-12,138.02,138.77,134.28,136.14,2413463.0,136.926,136.24917064944526,2.847182325626818,55.135322665791286,-2.5600000000000023,143.25297283565936,130.5990271643406,4.100000000000007,2441132.5,-19545207.0,139.62,138.93,138.7
2024-04-15,137.81,138.015,134.5,134.56,2553508.0,137.131,136.08829725426,2.375680119228008,38.20272570124197,-3.3799999999999955,142.8081671957443,131.4538328042557,3.8160714285714334,2370537.75,-22098715.0,136.14,139.94,137.94
2024-04-16,135.29,137.825,133.21,136.52,3023909.0,137.221,136.12941180147334,2.135549556709634,43.252868990679055,-0.12999999999999545,142.7933373155175,131.6486626844825,3.8953571428571467,2388652.85,-19074806.0,134.56,140.45,136.65
2024-04-17,136.07,136.64,132.875,133.86,3222471.0,137.2055,135.91327734419016,1.7108825975643356,39.77438134800433,-4.649999999999977,142.81517012821453,131.59582987178547,3.8964285714285745,2436377.1,-22297277.0,136.52,140.32,138.51
2024-04-18,134.36,135.99,133.58,134.3,2068331.0,137.29399999999998,135.75963188283873,1.3937687964420888,41.89388354508055,0.960000000000008,142.64287848550006,131.9451215144999,3.905357142857144,2443711.95,-20228946.0,133.86,139.62,133.34
2024-04-19,134.64,135.06,129.17,130.71,2859646.0,137.159,135.27871456066362,0.843052642050651,37.93793792021584,-8.219999999999999,143.0313075353295,131.2866924646705,4.137500000000001,2477420.35,-23088592.0,134.3,136.14,138.93
2024-04-22,131.26,132.36,129.74,131.52,2110326.0,137.076,134.92074174536233,0.4665878184465839,41.30213629778805,-8.419999999999987,143.22549000880844,130.92650999119155,4.1260714285714295,2511624.0,-20978266.0,130.71,134.56,139.94
2024-04-23,131.47,135.31,131.0,134.0,2014910.0,136.771,134.83305205532784,0.3641542630583956,42.510793736461274,-6.449999999999989,142.89401576882477,130.6479842311752,4.192857142857144,2416497.35,-18963356.0,131.52,136.52,140.45
2024-04-24,132.79,138.5,132.47,137.87,3238221.0,136.668,135.12228519291565,0.5884680948465473,57.86185349496474,-2.4499999999999886,142.63457567312875,130.70142432687126,4.160714285714286,2423598.9,-15725135.0,134.0,133.86,140.32
2024-04-25,138.91,139.24,134.39,138.01,4203199.0,136.59449999999998,135.39730565073322,0.7686744519720605,48.03082188902258,-1.6100000000000136,142.45041370011302,130.73858629988695,3.980714285714287,2532170.1,-11521936.0,137.87,134.3,139.62
2024-04-26,132.5,138.805,124.08,124.34,8578184.0,135.87650000000002,134.34422892209196,-0.18938238226530757,28.34536367582355,-11.799999999999983,143.80134241915476,127.95165758084528,4.786785714285716,2835082.1,-20100120.0,138.01,130.71,136.14
2024-04-29,125.15,128.51,123.075,125.81,3846764.0,135.27,133.53144521522606,-0.8205735502352809,30.205516483967614,-8.75,144.30833240324742,126.2316675967526,4.927500000000001,2934298.95,-16253356.0,124.34,131.52,134.56
2024-04-30,126.25,128.65,125.08,127.39,3049287.0,134.807,132.94654567091882,-1.1797053937210933,33.177205296266436,-9.13000000000001,144.4744932254008,125.13950677459916,4.951785714285714,2967936.8,-13204069.0,125.81,134.0,136.52
2024-05-01,126.21,128.74,123.515,125.88,2916511.0,134.1755,132.2735413213075,-1.5680884003070616,32.492354728468555,-7.980000000000018,144.45517125216776,123.89582874783224,5.1035714285714295,3027011.75,-16120580.0,127.39,137.87,133.86
2024-05-02,127.03,127.88,124.61,126.65,2311410.0,133.841,131.73796595737346,-1.7930826260583785,37.010676142399426,-7.650000000000006,144.65655974656843,123.02544025343158,5.0164285714285715,2990868.0,-13809170.0,125.88,138.01,134.3
2024-05-03,127.22,129.22,126.91,128.37,1778982.0,133.31300000000002,131.41720729476646,-1.8117181862911593,41.5598581788427,-2.3400000000000034,144.11354404087868,122.51245595912137,4.930357142857145,2958461.35,-12030188.0,126.65,124.34,130.71
2024-05-06,128.52,129.94,127.79,129.65,1858416.0,132.79850000000002,131.24890183812204,-1.7035640733665502,40.45568211818894,-1.8700000000000045,143.24437105536322,122.3526289446368,4.754285714285716,2937102.35,-10171772.0,128.37,125.81,131.52
2024-05-07,129.6,130.32,128.99,130.1,1425267.0,132.281,131.13948261544374,-1.5635166735559096,44.434576654171536,-3.9000000000000057,142.13981790714928,122.42218209285073,4.580357142857145,2869503.35,-8746505.0,129.65,127.39,134.0
2024-05-08,130.18,130.36,127.04,127.42,1336571.0,131.63600000000002,130.78524617587766,-1.6497642469869618,40.44975012309003,-10.450000000000003,140.95339380773575,122.31860619226428,4.645357142857145,2843974.55,-10083076.0,130.1,125.88,137.87
2024-05-09,128.17,130.48,127.62,128.14,1464257.0,131.06199999999998,130.5333179686512,-1.6411005026132273,46.12368022184818,-9.870000000000005,139.6979581189113,122.4260418810887,4.428928571428572,2813681.65,-8618819.0,127.42,126.65,138.01
2024-05-10,128.14,129.3,126.72,127.05,1689980.0,130.60750000000002,130.20157340020822,-1.702562235538693,43.31438825586591,2.7099999999999937,139.07331453786253,122.1416854621375,4.42607142857143,2777507.5,-10308799.0,128.14,128.37,124.34
2024-05-13,128.225,128.225,124.745,124.95,2596547.0,130.127,129.70142355256934,-1.898834963628616,36.3086232826529,-0.8599999999999994,138.73788686672805,121.51611313327197,4.366785714285714,2779659.45,-12905346.0,127.05,129.65,125.81
2024-05-14,125.03,126.5758,124.25,125.97,2202586.0,129.5995,129.34604988089606,-1.9496032268532701,30.29801323098762,-1.4200000000000017,137.84628687030414,121.35271312969587,4.102200000000001,2738593.3,-10702760.0,124.95,130.1,127.39
2024-05-15,126.58,130.22,126.0,129.71,2306993.0,129.392,129.3807117970012,-1.6688136529418216,37.72189347549981,3.8300000000000125,137.39258313664234,121.39141686335766,4.057199999999999,2692819.4,-8395767.0,125.97,127.42,125.88
2024-05-16,129.79,132.2,129.28,131.91,2018359.0,129.2725,129.621596387763,-1.2543054267465266,66.95029104624703,5.259999999999991,137.03218766327544,121.51281233672458,3.2139857142857116,2690320.8,-6377408.0,129.71,128.14,126.65
2024-05-17,131.72,132.26,130.16,131.36,2329399.0,129.305,129.78715863654747,-0.9591288343813176,62.961233027489214,2.990000000000009,137.0954219195253,121.51457808047469,2.9757714285714263,2663808.45,-8706807.0,131.91,127.05,128.37
2024-05-20,131.69,132.09,129.69,130.69,2114548.0,129.26350000000002,129.87314352830487,-0.7703821727035063,58.04878044816182,1.039999999999992,137.01297543216276,121.51402456783727,2.8921999999999977,2664019.55,-10821355.0,131.36,124.95,129.65
2024-05-21,131.1,131.56,129.91,130.84,1754053.0,129.1055,129.96522509703775,-0.601758638088711,62.95715773869387,0.7400000000000091,136.57205553645437,121.63894446354566,2.6368428571428546,2650976.7,-9067302.0,130.69,125.97,130.1
2024-05-22,130.73,131.76,130.1,130.53,2089187.0,128.7385,130.01901318303416,-0.4875178786136303,60.385438926906005,3.1099999999999994,135.0184405796727,122.45855942032726,2.5218428571428544,2593525.0,-11156489.0,130.84,129.71,127.42
2024-05-23,129.97,129.97,125.365,125.6,1986875.0,128.118,129.59815478464995,-0.7857336038685219,43.67290997663675,-2.539999999999992,132.7863237158319,123.44967628416806,2.685771428571426,2482708.8,-13143364.0,130.53,131.91,128.14
2024-05-24,125.82,128.24,124.54,127.37,2275564.0,128.2695,129.38594956706424,-0.8692275926169373,44.9061661917477,0.3200000000000074,132.60649131705608,123.9325086829439,2.7964857142857125,2167577.8,-10867800.0,125.6,131.36,127.05
2024-05-28,126.7,128.04,125.15,127.38,1796476.0,128.348,129.19490675115335,-0.9239396625175402,43.80127617988979,2.4299999999999926,132.55235663768568,124.14364336231434,2.907914285714284,2065063.4,-9071324.0,127.37,130.69,124.95
2024-05-29,126.82,128.63,126.19,127.64,1349723.0,128.3605,129.04682039390065,-0.9355352766914109,50.56352455389911,1.6700000000000017,132.55433745888993,124.16666254111006,2.8450571428571405,1980085.2,-7721601.0,127.38,130.84,125.97
2024-05-30,127.61,127.61,117.2,118.4,5811458.0,127.9865,128.03283749924344,-1.6710528057530638,32.63195433463457,-11.310000000000002,134.03551827615627,121.93748172384375,3.3843428571428555,2124832.55,-13533059.0,127.64,130.53,129.71
2024-05-31,120.15,121.4734,116.26,118.77,6065571.0,127.5925,127.15066249931549,-2.1987539717675446,34.84626645359269,-13.14,134.90303133643934,120.28196866356066,3.572442857142854,2312540.6,-7467488.0,118.4,125.6,131.91
2024-06-03,118.16,118.38,114.33,115.23,4058266.0,126.9355,126.01536130890449,-2.8695311932384726,33.101529886529164,-16.13000000000001,136.0828584913039,117.7881415086961,3.6131571428571405,2426504.8,-11525754.0,118.77,127.37,131.36
2024-06-04,115.63,117.06,114.68,116.71,2904439.0,126.2885,125.12913642234216,-3.2443050141553584,34.15468855310863,-13.980000000000004,136.4064616732354,116.17053832676459,3.617028571428569,2478805.95,-8621315.0,115.23,127.38,130.69
2024-06-05,116.77,120.48,116.06,118.08,3873946.0,125.6875,124.4577900964048,-3.3916713409487187,28.342644305519627,-12.760000000000005,136.26951428442607,115.10548571557393,3.631314285714283,2601239.9,-4747369.0,116.71,127.64,130.84
2024-06-06,117.5,118.175,114.2,115.3,3509857.0,125.0815,123.58561961103293,-3.690244145750029,19.722931087272272,-15.230000000000004,136.59308917192433,113.56991082807569,3.7066714285714264,2709904.2,-8257226.0,118.08,118.4,130.53
2024-06-07,114.73,116.58,114.2416,115.79,3009534.0,124.46400000000001,122.84317964807741,-3.843026324495341,21.55644865539678,-9.809999999999988,136.59317908447085,112.33482091552918,3.723699999999998,2787168.05,-5247692.0,115.3,118.77,125.6
2024-06-10,115.05,116.9599,114.62,116.57,2298436.0,123.93999999999998,122.24573396730813,-3.8567100676885246,24.30858805166227,-10.800000000000011,136.4967511721785,111.38324882782148,3.7194071428571402,2817590.85,-2949256.0,115.79,115.23,127.37
2024-06-11,116.92,118.12,115.72,116.9,2223270.0,123.5375,121.73661644661212,-3.7971550509039815,24.801156892725373,-10.47999999999999,136.46843699539804,110.60656300460195,3.772978571428569,2798927.0,-725986.0,116.57,116.71,127.38
2024-06-12,116.6,118.8,115.96,117.2,2385508.0,123.099,121.30455773741096,-3.6832910913076944,25.895117527575692,-10.439999999999998,136.2750914258806,109.92290857411942,3.8572642857142836,2808073.1,1659522.0,116.9,118.08,127.64
2024-06-13,115.16,116.33,113.67,113.81,2064703.0,122.304,120.590790333848,-3.8225339594847583,27.42244349353068,-4.590000000000003,135.7171457906043,108.89085420939573,3.7183357142857116,2795958.6,-405181.0,117.2,115.3,118.4
2024-06-14,113.55,116.01,113.23,115.95,1813855.0,121.506,120.14881030205295,-3.7173534834712427,28.43655587620421,-2.819999999999993,134.40190942896254,108.61009057103746,3.652621428571426,2785733.4,1408674.0,113.81,115.79,118.77
2024-06-17,115.18,117.91,114.65,116.53,3379666.0,120.7645,119.80416170185744,-3.5463163186973645,29.944547119437203,1.2999999999999972,132.96121306023423,108.56778693976577,3.6790499999999975,2838246.75,4788340.0,115.95,116.57,115.23
2024-06-18,116.53,117.49,116.13,116.64,2192895.0,120.06199999999998,119.5028129683472,-3.36312405206651,29.553903330343672,-0.06999999999999318,131.4428233908024,108.68117660919758,3.6019071428571405,2842164.1,6981235.0,116.53,116.9,116.71
2024-06-20,116.94,117.12,115.49,116.07,1875319.0,119.32350000000001,119.17587839993318,-3.226741232881807,43.609434963766724,-2.010000000000005,129.6252428775811,109.02175712241893,2.974764285714284,2848227.4,5105916.0,116.64,117.2,118.08
2024-06-21,117.18,117.27,114.22,116.64,7133365.0,118.62899999999999,118.93436617136811,-3.0376465314409415,44.22137815414547,1.3400000000000034,127.52686467583521,109.73113532416477,2.820235714285713,3100436.3,12239281.0,116.07,113.81,115.3
2024-06-24,116.41,116.6,109.7505,110.57,4690341.0,117.87750000000001,118.13775986933305,-3.3390948817559547,38.88358776028767,-5.220000000000013,126.83499700706516,108.92000299293487,3.0201999999999987,3235609.6,7548940.0,116.64,115.95,115.79
2024-06-25,111.36,111.82,108.71,110.31,4093632.0,117.02450000000002,117.39225892939658,-3.557960741609577,33.7892603610411,-6.259999999999991,125.40658484303225,108.64241515696779,3.072342857142856,3326513.0,3455308.0,110.57,116.53,116.57
2024-06-26,110.28,113.83,110.16,113.51,2543965.0,116.33099999999999,117.02251998373976,-3.433619626227383,39.40658319185482,-3.3900000000000006,123.27784146326874,109.38415853673123,3.0187714285714273,3363887.45,5999273.0,110.31,116.64,116.9
2024-06-27,112.69,114.97,112.49,114.54,2473875.0,115.676,116.78608950909788,-3.214906562885986,48.08274466835732,-2.6599999999999966,120.17072392454695,111.18127607545306,2.9119857142857137,3420095.05,8473148.0,113.51,116.07,117.2
2024-06-28,114.29,114.58,111.86,113.38,5429492.0,115.425,116.46170003204094,-3.0994486749288512,44.11908244911335,-0.4300000000000068,119.8391757292184,111.0108242707816,2.9392428571428573,3400996.75,3043656.0,114.54,116.64,113.81
2024-07-01,113.0,115.295,111.0,112.17,2583626.0,115.095,116.05296669565608,-3.0701930797995516,39.483747583519516,-3.780000000000001,119.44257040438127,110.74742959561873,3.0788928571428573,3226899.5,460030.0,113.38,110.57,115.95
2024-07-02,112.17,113.08,111.0,112.49,1778550.0,114.958,115.71363653416503,-2.9867570086334325,39.45480628635257,-4.040000000000006,119.45768232796837,110.45831767203163,3.0560357142857137,3112913.7,2238580.0,112.17,110.31,116.53
2024-07-03,112.4,112.49,109.81,110.91,1353061.0,114.668,115.25614734043504,-3.013389636531045,35.826949053556675,-5.730000000000004,119.43209200494469,109.90390799505532,3.0446071428571417,3035344.8,885519.0,112.49,113.51,116.64
2024-07-05,111.17,113.83,110.03,113.69,1347262.0,114.44850000000001,115.10699045086979,-2.778148651146097,49.72196474994867,-2.3799999999999955,118.94785328686233,109.9491467131377,3.126035714285713,2909010.6,2232781.0,110.91,114.54,116.07
2024-07-08,113.5,113.5,110.63,110.97,1648272.0,114.232,114.71299136031077,-2.779163279096636,38.76353788164758,-5.670000000000002,118.9692503683709,109.4947496316291,3.132464285714285,2815931.35,584509.0,113.69,113.38,116.64
2024-07-09,111.32,111.5185,110.44,110.84,1291141.0,113.9845,114.34413504028117,-2.7586572094947712,36.895439865659334,0.27000000000001023,118.89314961599723,109.07585038400276,2.976642857142857,2730011.7,-706632.0,110.97,112.17,110.57
2024-07-10,110.84,111.29,109.42,110.79,2151162.0,113.69550000000001,114.00564598882582,-2.7151421155385833,36.4896073667042,0.480000000000004,118.64365425449873,108.74734574550129,3.013071428571429,2722648.0,-2857794.0,110.84,112.49,110.31
2024-07-11,111.125,113.7999,110.8,112.66,2013224.0,113.4835,113.87748922798527,-2.5009335135498247,42.57080607424875,-0.8500000000000085,118.21201718161623,108.75498281838378,3.110921428571428,2712145.7,-844570.0,110.79,110.91,113.51
2024-07-12,112.65,115.34,111.67,114.06,2300403.0,113.32649999999998,113.89487120627238,-2.192924682781509,44.57527331269748,-0.480000000000004,117.73299413097456,108.9200058690254,3.155207142857143,2707890.45,1455833.0,112.66,113.69,114.54
2024-07-15,113.54,114.77,112.05,113.01,1922836.0,113.2865,113.81059775805596,-2.01037731186004,56.503198252076544,-0.36999999999999034,117.68903646985675,108.88396353014326,2.8602428571428575,2700797.1,-467003.0,114.06,110.97,113.38
2024-07-16,112.93,116.12,112.08,116.06,2520629.0,113.292,114.02482654300302,-1.6011407413525376,63.341067244233194,3.8900000000000006,117.70879855479983,108.87520144520018,2.9266714285714293,2736135.8,2053626.0,113.01,110.84,112.17
2024-07-17,116.04,117.19,114.58,114.61,2562757.0,113.196,114.0805573484313,-1.3779366961782813,52.777777740460145,2.1200000000000045,117.39453809143856,108.99746190856143,2.8509571428571436,2695290.35,-509131.0,116.06,110.79,112.49
2024-07-18,114.49,116.345,110.65,110.7,2848504.0,112.899,113.75859950572355,-1.4992675816180423,41.53439150875301,-0.20999999999999375,116.90784233190861,108.89015766809139,3.0806,2728070.8,-3357635.0,114.61,112.66,110.91
2024-07-19,111.73,112.155,110.04,111.66,2274469.0,112.67849999999999,113.55873288613083,-1.5006605251226262,46.174377195443,-2.030000000000001,116.42981850504762,108.92718149495235,3.037385714285714,2748028.3,-1083166.0,110.7,114.06,113.69
2024-07-22,112.76,113.25,110.75,111.65,1728965.0,112.429,113.37694880173741,-1.4854480389780207,48.7781954566309,0.6800000000000068,115.70452904525553,109.15347095474448,2.9091714285714283,2477808.3,-2812131.0,111.66,113.01,110.97
2024-07-23,111.65,113.28,110.441,112.13,2370361.0,112.50699999999999,113.25819177300052,-1.4183106434070538,49.16044772909299,1.289999999999992,115.66844603822813,109.34555396177186,2.963385714285714,2361809.3,-441770.0,111.65,116.06,110.84
2024-07-24,111.97,113.08,110.0,111.94,3614773.0,112.5885,113.13264969938142,-1.3647037307125771,52.56857851690974,1.1499999999999915,115.59154599750899,109.585454002491,2.9919571428571428,2337866.35,-4056543.0,112.13,114.61,110.79
2024-07-25,111.17,112.55,107.56,107.85,11417975.0,112.30550000000001,112.62954020420223,-1.633419639783824,36.32958799116971,-4.810000000000002,115.94271394245027,108.66828605754975,3.0769571428571427,2781566.85,-15474518.0,111.94,110.7,112.66
2024-07-26,66.0,67.44,62.34,64.0,53914127.0,109.77850000000001,107.99815542284963,-5.323343276291354,12.417986875118373,-50.06,131.60823855233158,87.94876144766842,3.236242857142856,5353579.45,-69388645.0,107.85,111.66,114.06
2024-07-29,65.03,68.93,64.1701,67.48,18397278.0,107.4835,104.13928347781633,-7.87603737012526,17.07168893926176,-45.53,136.26362784800236,78.70337215199766,3.4991999999999988,6001968.75,-50991367.0,64.0,111.65,113.01
2024-07-30,68.54,70.8,67.82,69.7,15509806.0,105.35999999999999,100.8593517180243,-9.609161946548454,19.791207171341313,-46.36,138.60502147136572,72.11497852863425,3.578485714285713,6648277.75,-35481561.0,67.48,112.13,116.06
2024-07-31,69.9,70.88,67.0,67.82,11128852.0,103.1265,97.71274679249818,-11.00748847284271,17.03910614174437,-46.790000000000006,140.14283680587943,66.11016319412057,3.6413499999999988,7115792.85,-46610413.0,69.7,111.94,114.61
2024-08-01,68.15,71.23,68.11,70.32,11193750.0,101.09700000000001,95.1039137646412,-11.778171780080001,18.35937499628136,-40.38000000000001,140.67849440012787,61.51550559987213,3.6020642857142846,7607827.3,-35416663.0,67.82,107.85,110.7
2024-08-02,69.45,72.61,68.91,72.3,7633973.0,99.0275,92.932112453723,-12.089810590252256,20.942184149990126,-39.36,140.13538572063806,57.919614279361966,3.672064285714285,7922162.85,-27782690.0,70.32,64.0,111.66
2024-08-05,69.16,75.1498,68.81,72.43,10692291.0,97.1005,90.97953031527318,-12.185826061580755,17.503351701995427,-39.22,139.44585678268177,54.75514321731822,3.836335714285713,8374363.8,-17090399.0,72.3,67.48,111.65
2024-08-06,72.92,77.32,72.69,75.25,9063692.0,95.321,89.4814798090567,-11.897224780582832,21.27007298835356,-36.879999999999995,138.22285121757238,52.41914878242762,3.980621428571427,8762991.35,-8026707.0,72.43,69.7,112.13
2024-08-07,72.0054,73.31,69.07,69.32,10012543.0,93.24749999999999,87.56133887486082,-12.008580189704261,20.660805441162054,-42.620000000000005,137.00153975333956,49.49346024666041,3.8766928571428565,9156060.4,-18039250.0,75.25,67.82,111.94
2024-08-08,69.8,71.76,69.795,71.5,5554353.0,91.1895,86.03168755344551,-11.785071405516334,22.010036237689718,-36.349999999999994,134.9709603757293,47.40803962427069,3.8659785714285713,9333116.85,-12484897.0,69.32,70.32,107.85
2024-08-09,71.56,72.34,69.62,69.76,3933835.0,88.9745,84.48200302454593,-11.614458296473046,21.491765342304546,5.760000000000005,132.36481299847048,45.58418700152952,3.881692857142857,9414788.45,-16418732.0,71.5,72.3,64.0
2024-08-12,69.76,72.12,69.01,71.27,3348449.0,86.8875,83.22371702220822,-11.227972717633932,22.57718120381101,3.789999999999992,129.41686861436827,44.35813138563173,3.90105,9486069.1,-13070283.0,69.76,72.43,67.48
2024-08-13,71.01,72.15,70.37,71.02,5309438.0,84.63550000000001,82.0614582581884,-10.817159540849346,22.559012871300624,1.3199999999999932,125.39373945115716,43.877260548842855,3.808192857142857,9625509.55,-18379721.0,71.27,75.25,69.7
2024-08-14,70.4,71.02,69.655,70.05,5101958.0,82.4075,80.91750985264665,-10.44940380928422,23.54423291811844,2.230000000000004,121.08524655984155,43.729753440158454,3.549264285714286,9752469.6,-23481679.0,71.02,69.32,67.82
2024-08-15,70.97,72.46,69.9,72.36,4827378.0,80.4905,80.10250891429935,-9.857921070203886,63.979933080410724,2.0400000000000063,117.00390718435476,43.977092815645236,3.367835714285714,9851413.3,-18654301.0,70.05,71.5,70.32
2024-08-16,72.57,74.73,72.51,74.65,3122863.0,78.64,79.58322235103275,-9.09948962425635,62.48693831853649,2.3500000000000085,112.12817230322503,45.15182769677497,3.186414285714285,9893833.0,-15531438.0,72.36,69.76,72.3
2024-08-19,74.78,77.77,74.5,77.69,3645990.0,76.94200000000001,79.4029154604582,-8.159071942968083,63.52861493771077,5.259999999999991,106.60857633733471,47.27542366266531,3.20712857142857,9989684.25,-11885448.0,74.65,71.27,72.43
2024-08-20,76.0,77.58,72.39,72.85,7704715.0,74.978,78.77882827374789,-7.7153934525783825,57.74084331153057,-2.4000000000000057,99.6096250291958,50.3463749708042,3.300699999999999,10256401.95,-19590163.0,77.69,71.02,75.25
2024-08-21,73.75,73.75,72.15,73.2,4152511.0,73.041,78.24751129529571,-7.251937160078498,54.746209598996494,3.8800000000000097,90.4756175904799,55.606382409520094,3.1921285714285696,10283288.85,-15437652.0,72.85,70.05,69.32
2024-08-22,73.67,74.56,72.18,72.28,3570087.0,71.2625,77.67917688621992,-6.879577533075945,49.96584697064475,0.7800000000000011,77.23593901652674,65.28906098347326,3.097842857142855,9890894.45,-19007739.0,73.2,72.36,71.5
2024-08-23,72.35,75.195,72.08,74.07,3358127.0,71.76599999999999,77.33544575419897,-6.366651015817169,52.65029086176133,4.309999999999988,76.78296658192622,66.74903341807376,2.8674999999999975,7363094.45,-15649612.0,72.28,74.65,69.76
2024-08-26,73.66,75.0,73.51,73.67,2570091.0,72.0755,76.9863556823705,-5.9241399152203655,47.23001400206101,2.4000000000000057,76.72979954026175,67.42120045973826,2.6432142857142833,6571735.1,-18219703.0,74.07,77.69,71.27
2024-08-27,74.14,74.31,71.95,72.24,3458221.0,72.2025,76.53432180785903,-5.624005692071833,56.078268077223335,1.2199999999999989,76.72049617901993,67.68450382098007,2.5089285714285685,5969155.85,-21677924.0,73.67,72.85,71.02
2024-08-28,72.06,72.22,70.31,70.48,4090379.0,72.3355,75.95771973092008,-5.465165423882965,47.838983022468405,0.4300000000000068,76.44877235587906,68.22222764412093,2.5049999999999963,5617232.2,-25768303.0,72.24,73.2,70.05
2024-08-29,71.15,71.5,69.45,69.62,3876367.0,72.3005,75.35412737559436,-5.347040821468326,49.69190137783069,-2.739999999999995,76.49705234435386,68.10394765564614,2.4571428571428533,5251363.05,-29644670.0,70.48,72.28,72.36
2024-08-30,70.0,70.43,68.99,69.34,4614225.0,72.1525,74.78135333982347,-5.215894300243448,45.509539290966345,-5.310000000000002,76.55295392394882,67.75204607605119,2.33785714285714,5100375.65,-34258895.0,69.62,74.07,74.65
2024-09-03,68.91,73.28,68.91,72.36,5226589.0,72.149,74.55074825984028,-4.812792104979579,52.76174770244583,-5.329999999999998,76.54863587009517,67.74936412990483,2.5228571428571405,4827090.55,-29032306.0,69.34,73.67,77.69
2024-09-04,71.45,71.71,69.33,69.82,4308057.0,71.8775,74.10020080652215,-4.6447457456700505,49.55478123523937,-3.030000000000001,76.13941395106352,67.61558604893648,2.5953571428571403,4589308.8,-33340363.0,72.36,72.24,72.85
2024-09-05,69.655,69.8,67.52,69.05,4701197.0,71.864,73.61922930113909,-4.521578418624912,43.18649647572617,-4.150000000000006,76.16158512361199,67.56641487638802,2.575357142857141,4323741.5,-38041560.0,69.82,70.48,73.2
2024-09-06,69.24,69.27,66.95,68.61,3698941.0,71.71950000000001,73.14215984388774,-4.40865155648261,36.54188946026796,-3.6700000000000017,76.2563037670817,67.18269623291832,2.5824999999999982,4230970.9,-41740501.0,69.05,69.62,72.28
2024-09-09,68.87,71.56,68.74,69.71,3632786.0,71.71700000000001,72.8152874778032,-4.182185763562359,30.53658534499938,-4.359999999999999,76.25840298284415,67.17559701715588,2.5503571428571417,4215918.45,-38107715.0,68.61,69.34,74.07
2024-09-10,69.83,70.01,68.06,68.55,2559305.0,71.581,72.40906962277433,-4.049630674937347,37.217598066525184,-5.1200000000000045,76.3366233749283,66.82537662507171,2.318928571428571,4176461.25,-40667020.0,69.71,72.36,73.67
2024-09-11,68.38,68.56,66.86,68.47,3962477.0,71.45349999999999,72.03392013489106,-3.9060091020837007,35.70996975831177,-3.769999999999996,76.40514523429026,66.50185476570972,2.3260714285714283,4109113.2,-44629497.0,68.55,69.82,72.24
2024-09-12,68.47,69.3,67.3441,68.82,3595249.0,71.392,71.72783250299668,-3.721051925607682,39.17396742500399,-1.6600000000000108,76.44652626755736,66.33747373244263,2.2957785714285714,4033777.75,-41034248.0,68.47,69.05,70.48
2024-09-13,68.97,69.9,68.14,69.51,2615490.0,71.2495,71.51661035985414,-3.4786945716666224,34.67741932221213,-0.10999999999999943,76.34961135068903,66.14938864931096,2.198992857142858,3923183.35,-38418758.0,68.82,68.61,69.62
2024-09-16,70.42,71.52,69.93,70.09,4171770.0,71.02149999999999,71.3807427065347,-3.2029024046568253,38.1142097919257,0.75,75.8836904312179,66.15930956878208,2.2061357142857148,3975628.7,-34246988.0,69.51,69.71,69.34
2024-09-17,69.99,70.97,68.59,68.94,5084246.0,70.58399999999999,71.14829102019806,-3.0420634999663605,38.83626518648798,-3.4200000000000017,74.376787615289,66.79121238471097,2.207564285714286,4047541.5,-39331234.0,70.09,68.55,72.36
2024-09-18,69.4,70.63,69.08,69.46,3421445.0,70.4145,70.98750139922682,-2.8399012413061513,46.233382522358355,-0.35999999999999943,74.08182069126553,66.74717930873447,2.1818500000000003,3833378.0,-35909789.0,68.94,68.47,69.82
2024-09-19,70.88,72.34,70.2671,71.92,4184210.0,70.3505,71.07631078977664,-2.4529091441644937,57.59577273405938,2.8700000000000045,73.85416710145918,66.84683289854081,2.183485714285715,3834962.95,-31725579.0,69.46,68.82,69.05
2024-09-20,71.91,71.91,69.71,70.43,7711855.0,70.258,71.01475738122649,-2.2406172259575072,53.33333328766565,1.8200000000000074,73.6428492153239,66.87315078467608,2.2377714285714285,4042051.35,-39437434.0,71.92,69.51,68.61
2024-09-23,70.47,70.92,69.61,69.7,3301829.0,70.0395,70.88954239253825,-2.1069911678071804,40.540540500173016,-0.009999999999990905,72.9139572027565,67.1650427972435,2.0192,4039236.45,-42739263.0,70.43,70.09,69.71
2024-09-24,69.86,69.9999,68.5544,68.66,3242519.0,69.789,70.67720502182031,-2.0612500548083403,45.382165554510344,0.10999999999999943,72.1605142841552,67.4174857158448,1.95245,4072857.85,-45981782.0,69.7,68.94,68.55
2024-09-25,68.61,68.68,66.32,66.73,4131292.0,69.5135,70.3012807340279,-2.1558830853099096,41.54518946198015,-1.7399999999999949,71.9649852640699,67.06201473593009,1.9581642857142865,4106511.4,-50113074.0,68.66,69.46,68.47
2024-09-26,67.0,67.71,66.33,67.53,3295219.0,69.366,70.03734923554904,-2.1416396409985197,46.164772681370266,-1.289999999999992,71.92525482574707,66.80674517425292,1.8910214285714295,4066753.4,-46817855.0,66.73,71.92,68.82
2024-09-27,68.3,68.6,67.14,67.29,4237583.0,69.2495,69.77569692740151,-2.125219396697588,40.84720116703025,-2.219999999999999,71.96728915567203,66.53171084432796,1.7938785714285714,4084814.2,-51055438.0,67.53,70.43,69.51
2024-09-30,67.77,68.27,66.495,67.04,4106205.0,69.13449999999999,69.51515436288709,-2.1080785284082566,43.86677492980225,-3.049999999999997,72.02530192843183,66.24369807156815,1.7813785714285706,4059413.2,-55161643.0,67.29,69.7,70.09
2024-10-01,67.39,67.39,65.29,66.0,3937864.0,68.81649999999999,69.18037775689784,-2.1535883492253163,40.69329309949465,-2.9399999999999977,71.6109778252369,66.02202217476308,1.8099499999999986,3994976.95,-59099507.0,67.04,68.66,68.94
2024-10-02,65.7,67.19,64.76,67.1,3771585.0,68.68050000000001,68.98224654195519,-2.0769525866264757,43.86590580498412,-2.3599999999999994,71.53348347993699,65.82751652006303,1.8438142857142839,3968153.35,-55327922.0,66.0,66.73,69.46
2024-10-03,66.82,67.1499,65.58,65.68,3457495.0,68.512,68.66774687129279,-2.106517700412212,37.016949117407634,-6.239999999999995,71.65629541935257,65.36770458064743,1.8302357142857122,3905968.25,-58785417.0,67.1,67.53,71.92
2024-10-04,66.45,68.99,66.22,68.11,6336526.0,68.487,68.61462812164586,-1.9118291975331658,44.03614454117431,-2.3200000000000074,71.6359620679224,65.33803793207758,1.9145214285714272,4037847.5,-52448891.0,65.68,67.29,70.43
2024-10-07,68.1,69.5717,67.81,68.62,3605425.0,68.43249999999999,68.61513972910817,-1.6968244822002134,48.99749369135561,-1.0799999999999983,71.5296421461785,65.33535785382148,1.870357142857142,4036479.45,-48843466.0,68.11,67.04,69.7
2024-10-08,68.86,69.63,68.57,69.43,3944442.0,68.4765,68.6927454691931,-1.4444210786521836,49.90769226469496,0.7700000000000102,71.60551043714152,65.34748956285848,1.8353571428571425,4105736.3,-44899024.0,68.62,66.0,68.66
2024-10-09,69.17,69.725,68.83,69.62,2625079.0,68.534,68.78105542450804,-1.2150517900757904,41.773962762172,2.8900000000000006,71.70449821752348,65.36350178247653,1.7512214285714276,4038866.4,-42273945.0,69.43,67.1,66.73
2024-10-10,69.16,70.0,68.57,69.56,4719426.0,68.571,68.85524062217394,-1.0262860877429887,46.533864489922365,2.030000000000001,71.77266995898498,65.36933004101502,1.6962214285714279,4095075.25,-46993371.0,69.62,65.68,67.53
2024-10-11,69.98,70.02,69.06,69.21,3942344.0,68.55600000000001,68.88902722958595,-0.894617391183175,47.98685286180637,1.9199999999999875,71.7419190196788,65.37008098032122,1.671221428571427,4161417.95,-50935715.0,69.56,68.11,67.29
2024-10-14,69.81,69.81,68.19,69.18,3482918.0,68.51050000000001,68.91673892200633,-0.7836562483949336,52.32974903829606,2.1400000000000006,71.62946389678123,65.39153610321878,1.6836857142857136,4126975.35,-54418633.0,69.21,68.62,67.04
2024-10-15,69.0,69.09,67.04,67.1,5620116.0,68.41850000000001,68.74371616752954,-0.8537162505021456,51.63572053732091,1.0999999999999943,71.59218970060725,65.24481029939277,1.6615428571428552,4153768.85,-60038749.0,69.18,69.43,66.0
2024-10-16,67.59,69.96,67.585,69.9,4703733.0,68.4405,68.85383843728863,-0.6755157820619502,58.90308032872705,2.8000000000000114,71.65048098042463,65.23051901957537,1.732614285714284,4217883.25,-55335016.0,67.1,69.62,67.1
2024-10-17,69.9,70.4,69.2033,69.55,3801182.0,68.322,68.92013953849924,-0.5561220728046834,58.420268195388644,3.8699999999999903,71.14249342453509,65.50150657546492,1.7138071428571422,4198731.85,-59136198.0,69.9,69.56,65.68
2024-10-18,69.5,72.4,69.26,72.38,3695232.0,68.4195,69.24965005864217,-0.2304874336680598,66.68749994164838,4.269999999999996,71.65159871526446,65.18740128473554,1.8113071428571428,3997900.7,-55440966.0,69.55,69.21,68.11
2024-10-21,71.87,73.79,71.81,72.61,3233057.0,68.56500000000001,69.56968338639054,0.0456136361246422,71.75773528606922,3.989999999999995,72.26757094177796,64.86242905822206,1.802735714285715,3994462.1,-52207909.0,72.38,69.18,68.62
2024-10-22,72.1,73.12,71.84,73.08,2777881.0,68.786,69.90399925435334,0.2989052020747778,70.53571421789147,3.6499999999999915,73.00418818675728,64.56781181324273,1.7205928571428584,3971230.2,-49430028.0,72.61,67.1,69.43
2024-10-23,72.32,73.23,72.2,72.48,4293271.0,69.0735,70.14933265870064,0.4460834352029508,74.74526921059429,2.8599999999999994,73.48121226016087,64.66578773983912,1.6820285714285725,3979329.15,-53723299.0,73.08,69.9,69.62
2024-10-24,73.21,75.13,73.03,74.85,9945217.0,69.4395,70.59701526263392,0.745370273862278,74.63450284759621,5.289999999999992,74.47806903244249,64.4009309675575,1.6341714285714295,4311829.05,-43778082.0,72.48,69.55,69.56
2024-10-25,73.4,76.06,70.88,73.44,14562597.0,69.747,70.86777571381164,0.8588813836510951,66.52949239153543,4.230000000000004,74.98012566354738,64.51387433645262,1.8783357142857153,4828079.75,-58340679.0,74.85,72.38,69.21
2024-10-28,73.48,74.6,71.6,72.1,5566362.0,70.0,70.98513040773435,0.8311321803955991,58.83520841669797,2.9199999999999875,75.17097567907994,64.82902432092006,2.0169071428571437,4901087.6,-63907041.0,73.44,72.61,69.18
2024-10-29,72.25,72.58,70.88,72.24,4164505.0,70.312,71.10464179747393,0.8110878510028812,58.69853912205975,5.140000000000001,75.21271788510887,65.41128211489112,2.0744071428571442,4912419.65,-59742536.0,72.1,73.08,67.1
2024-10-30,72.1,72.56,71.09,71.8,3566753.0,70.547,71.1708663881907,0.7510407228347731,57.25388595844852,1.8999999999999915,75.24579312611841,65.84820687388158,2.0772642857142865,4902178.05,-63309289.0,72.24,72.48,69.9
2024-10-31,71.5,71.61,69.74,70.48,4043935.0,70.787,71.10506958931539,0.5901372381123622,53.869591666412326,0.9300000000000068,74.89189874225458,66.68210125774543,2.1422642857142873,4931500.05,-67353224.0,71.8,74.85,69.55
2024-11-01,70.1,71.09,69.88,70.35,2735060.0,70.899,71.03315819985679,0.4469776732943842,53.54330704121096,-2.030000000000001,74.8142113608275,66.9837886391725,2.1129785714285734,4751426.75,-70088284.0,70.48,73.44,72.38
2024-11-04,70.88,71.01,69.65,69.7,3058490.0,70.953,70.90619075225138,0.2778700065760944,58.62068960075005,-2.9099999999999966,74.7642746866101,67.14172531338991,2.063692857142859,4724080.0,-73146774.0,70.35,72.1,72.61
2024-11-05,69.69,69.69,68.37,69.0,3408061.0,70.9315,70.72464877584649,0.08637117930021532,46.53312783887026,-4.079999999999998,74.78358228036339,67.07941771963661,1.9883357142857159,4697260.95,-76554835.0,69.7,72.24,73.08
2024-11-06,69.82,70.25,67.895,68.61,5193568.0,70.881,70.5232536543373,-0.09575891248914559,46.39016892093223,-3.8700000000000045,74.83072030987873,66.93127969012127,2.07107142857143,4825685.4,-81748403.0,69.0,71.8,72.48
2024-11-07,68.79,68.98,67.695,68.91,4671422.0,70.8485,70.36961044916231,-0.21343053525872335,33.46043846821293,-5.939999999999998,74.8542867352586,66.8427132647414,1.9385714285714306,4823285.2,-77076981.0,68.61,70.48,74.85
2024-11-08,69.0,70.99,68.735,69.96,3153680.0,70.886,70.33059993019447,-0.21943046152824763,38.28470375455469,-3.480000000000004,74.84092178377047,66.93107821622952,1.9582142857142872,4783852.0,-73923301.0,68.91,70.35,73.44
2024-11-11,70.07,72.04,69.6298,70.31,4532141.0,70.94250000000001,70.3286380320807,-0.19371039850261695,37.62287752218765,-1.789999999999992,74.82645281557811,67.05854718442191,2.038942857142859,4836313.15,-69391160.0,69.96,69.7,72.1
2024-11-12,69.46,75.47,69.23,74.34,5469099.0,71.30449999999999,70.71067250521588,0.15012965541777135,56.361149056836105,2.1000000000000085,75.02673744257406,67.58226255742592,2.4110857142857154,4828762.3,-63922061.0,70.31,69.0,72.24
2024-11-13,74.455,74.55,71.84,72.53,4170400.0,71.436,70.88394179043341,0.2734216674019194,41.749644339651866,0.730000000000004,75.13507186082293,67.73692813917708,2.454657142857144,4802095.65,-68092461.0,74.34,68.61,71.8
2024-11-14,72.6,75.78,71.75,74.68,4517812.0,71.6925,71.24547114372547,0.5384120281598399,54.18918913792917,4.200000000000003,75.54902079360816,67.83597920639183,2.3725142857142862,4837927.15,-63574649.0,72.53,68.91,70.48
2024-11-15,75.51,78.11,75.13,75.88,6879181.0,71.86749999999999,71.68685484432304,0.835616304786015,62.892223678001976,5.530000000000001,76.14954513360952,67.58545486639046,2.3710857142857154,4997124.6,-56695468.0,74.68,69.96,70.35
2024-11-18,75.88,78.16,75.69,76.27,3898229.0,72.05049999999999,72.12334485914941,1.0900570764471382,63.514419792810074,6.569999999999993,76.75786254236026,67.34313745763971,2.426085714285715,5030383.2,-52797239.0,75.88,70.31,69.7
2024-11-19,75.7,76.61,74.65,74.88,3351898.0,72.1405,72.38588344399233,1.1660997656238408,59.70996211627115,5.8799999999999955,76.99719792521581,67.28380207478419,2.4610857142857148,5059084.05,-56149137.0,76.27,74.34,69.0
2024-11-20,74.73,75.31,72.94,75.24,3077219.0,72.2785,72.65770406837402,1.2411064336041733,65.97315430042786,6.6299999999999955,77.32880389913693,67.22819610086306,2.4968000000000004,4998281.45,-53071918.0,74.88,72.53,68.61
2024-11-21,74.83,75.76,74.14,74.46,3231191.0,72.259,72.82935129995744,1.2235064562827347,63.21543402668707,5.549999999999997,77.2703593071358,67.2476406928642,2.5260857142857143,4662580.15,-56303109.0,75.24,74.68,68.91
2024-11-22,74.85,75.286,72.51,72.83,4562893.0,72.2285,72.82941308091387,1.0657457167142752,59.46763455338493,2.8700000000000045,77.21696785886216,67.24003214113783,2.6272285714285712,4162594.95,-60866002.0,74.46,75.88,69.96
2024-11-25,74.2,78.22,73.27,77.83,6579325.0,72.515,73.30565945416016,1.3288591462066393,71.19539121475106,7.519999999999996,78.09544518125627,66.93455481874373,2.8865142857142865,4213243.1,-54286677.0,72.83,76.27,70.31
2024-11-26,78.65,79.38,76.9401,77.94,4142028.0,72.8,73.74702522043063,1.5286333813222228,72.70072987747882,3.5999999999999943,78.88106638847219,66.7189336115278,2.8925785714285714,4212119.25,-50144649.0,77.83,74.88,74.34
2024-11-27,78.43,78.62,77.18,78.1,2003316.0,73.11500000000001,74.16159424705629,1.6804948660273311,72.51347373761936,5.569999999999993,79.61613350440207,66.61386649559795,2.903649999999999,4133947.4,-48141333.0,77.94,75.24,72.53
2024-11-29,78.4,79.37,77.89,77.99,1510418.0,73.4905,74.52620431876521,1.7715487943173542,70.62146887577296,3.309999999999988,80.21453223323908,66.76646776676091,2.8482928571428565,4007271.55,-49651751.0,78.1,74.46,74.68
2024-12-02,78.19,80.18,77.5001,79.31,3277964.0,73.9385,74.98180390745424,1.9279978971734408,72.01565552797362,3.430000000000007,80.96850568989487,66.90849431010514,2.8675571428571422,4034416.75,-46373787.0,77.99,72.83,75.88
2024-12-03,79.0,81.11,78.0901,80.91,3609716.0,74.499,75.54639401150621,2.1562358222353595,68.23986668765362,4.640000000000001,81.88466720073104,67.11333279926895,2.6375499999999996,4061978.05,-42764071.0,79.31,77.83,76.27
2024-12-04,80.86,82.26,80.69,81.01,3229957.0,75.09949999999999,76.0667374389818,2.3184594293666407,76.0122698733637,6.13000000000001,82.5552712721832,67.64372872781678,2.556121428571429,4053072.85,-39534114.0,80.91,77.94,74.88
2024-12-05,80.91,81.0,78.06,78.92,3275903.0,75.615,76.33847673050735,2.2524128602602076,63.054187137761154,3.680000000000007,82.5918534605853,68.63814653941469,2.478264285714286,3957189.6,-42810017.0,81.01,78.1,75.24
2024-12-06,79.21,79.5,77.33,77.72,2645420.0,76.0555,76.47005037522094,2.0792719544331106,55.66502458255479,3.260000000000005,82.32667876940609,69.7843212305939,2.420407142857143,3855889.5,-45455437.0,78.92,77.99,74.46
2024-12-09,78.09,79.11,77.55,78.41,2288040.0,76.47800000000001,76.65480748234275,1.974967575743122,56.4691656112111,5.579999999999998,82.12787042235738,70.82812957764264,2.355407142857143,3812607.5,-43167397.0,77.72,79.31,72.83
2024-12-10,78.79,80.9,77.895,79.41,2969863.0,76.93299999999999,76.91720676973867,1.950512947701199,64.02476774635623,1.5799999999999983,81.91796307328954,71.94803692671044,2.4300500000000014,3734493.6,-40197534.0,78.41,80.91,77.83
2024-12-11,79.825,81.12,79.41,80.47,2913125.0,77.23949999999999,77.25556802976355,1.9936836756147613,65.51928777939051,2.530000000000001,82.30631037422718,72.1726896257728,2.3829071428571447,3606694.9,-37284409.0,79.41,81.01,77.94
2024-12-12,80.18,80.96,77.825,78.93,3209972.0,77.5595,77.41503774121465,1.881937850753701,62.69165242034739,0.8300000000000125,82.16098934699208,72.95801065300792,2.491121428571429,3558673.5,-40494381.0,80.47,78.92,78.1
2024-12-13,78.6,78.72,76.82,77.19,2956879.0,77.685,77.39360557538468,1.6341376990733494,62.30248302075423,-0.7999999999999972,82.08846992363709,73.28153007636291,2.4285500000000013,3480626.85,-43451260.0,78.93,77.72,77.99
2024-12-16,76.87,77.42,75.05,76.41,4013482.0,77.7115,77.29992885391947,1.3591474070266543,44.74074069434293,-2.9000000000000057,82.075434849236,73.347565150764,2.244264285714287,3337341.9,-47464742.0,77.19,78.41,79.31
2024-12-17,76.3,78.38,76.05,77.8,3613816.0,77.788,77.3475546773557,1.2390935040610032,49.52638696255958,-3.1099999999999994,82.09885581928835,73.47714418071165,2.2364142857142872,3323121.25,-43850926.0,76.41,79.41,80.91
2024-12-18,77.26,77.57,75.23,75.26,2949352.0,77.80699999999999,77.14873994617896,0.9282923720615628,41.72494169090044,-5.75,82.06693871959352,73.54706128040645,2.3007000000000013,3302993.95,-46800278.0,77.8,80.47,81.01
2024-12-19,75.64,76.28,74.5,75.82,3815111.0,77.836,77.0221932846381,0.7188807458846611,43.83872796060521,-3.1000000000000085,82.02974170325732,73.64225829674268,2.322128571428572,3339888.55,-42985167.0,75.26,78.93,78.92
2024-12-20,75.47,81.51,75.47,80.04,11578521.0,78.115,77.3096034480059,0.8832576114624828,51.77961966236399,2.3200000000000074,82.10033892106367,74.12966107893632,2.5621357142857155,3757255.05,-31406646.0,75.82,77.19,77.72
2024-12-23,78.9,80.25,77.7987,79.54,2389520.0,78.4505,77.52202216724343,0.9620912513144759,46.470891259629475,1.1300000000000097,81.60584950936841,75.2951504906316,2.5215214285714302,3648586.4,-33796166.0,80.04,76.41,78.41
2024-12-24,79.56,80.83,78.59,80.24,1153109.0,78.571,77.78087719893453,1.0687319520382346,48.07596198535412,0.8299999999999983,81.80955003292294,75.33244996707705,2.5693785714285724,3377275.6,-32643057.0,79.54,77.8,79.41
2024-12-26,79.54,80.67,79.25,80.57,1350864.0,78.7025,78.04650794189315,1.1664278634082734,54.52054790338147,0.09999999999999432,82.04507936959783,75.35992063040217,2.4608071428571443,3237717.4,-31292193.0,80.24,75.26,80.47
2024-12-27,80.03,80.5,79.63,80.24,1797810.0,78.80949999999999,78.25541194742713,1.2033528325624872,57.249712266887464,1.309999999999988,82.20742181068586,75.41157818931411,2.3679500000000013,3227442.1,-33090003.0,80.57,75.82,78.93
2024-12-30,79.28,79.6,77.67,78.0,2753046.0,78.81,78.23108700005312,1.0398797704176417,48.91706282700271,0.8100000000000023,82.20741697547106,75.41258302452894,2.394378571428572,3289573.5,-35843049.0,80.24,80.04,77.19
2024-12-31,78.62,78.78,77.33,77.77,1966385.0,78.73299999999999,78.18717395242902,0.8816045249147777,45.484581462732145,1.3599999999999994,82.15243731904872,75.31356268095126,2.283307142857143,3223994.55,-37809434.0,78.0,79.54,76.41
2025-01-02,77.87,79.97,77.66,78.5,2243942.0,78.6125,78.21696690934054,0.8057865459605296,44.47560288151102,0.7000000000000028,81.87518133191703,75.34981866808296,2.3261642857142855,3155705.85,-35565492.0,77.77,80.24,77.8
2025-01-03,79.0,81.2188,78.52,81.07,2684639.0,78.6155,78.48868434654621,0.9422164878515247,55.6733827794577,5.809999999999988,81.88756019117811,75.34343980882188,2.295007142857144,3128439.95,-32880853.0,78.5,80.57,75.26
2025-01-06,81.95,82.664,79.64,79.88,3441450.0,78.6635,78.6211905992561,0.9434397587022687,57.34571268143966,4.060000000000002,81.98220155331204,75.34479844668796,2.3752928571428575,3136717.3,-36322303.0,81.07,80.24,75.82
2025-01-07,80.46,80.95,79.115,79.35,2429086.0,78.74499999999999,78.69060101837457,0.8913675092696423,58.139534838651535,-0.6900000000000119,82.04615450298638,75.4438454970136,2.3370785714285724,3125900.6,-38751389.0,79.88,78.0,80.04
2025-01-08,79.1,80.7,78.85,80.09,2423240.0,78.829,78.8238771118627,0.8994434675857264,56.576680023430605,0.5499999999999972,82.17939290703862,75.47860709296137,2.3027928571428586,3132660.6,-36328149.0,79.35,77.77,79.54
2025-01-10,79.5,79.635,76.86,77.76,4716961.0,78.7465,78.7225554821615,0.7096517714791304,57.26744181385209,-2.4799999999999898,82.11784847298102,75.37515152701897,2.3338642857142884,3220015.5,-41045110.0,80.09,78.5,80.24
2025-01-13,82.0,82.24,73.62,79.84,5520252.0,78.715,78.82897876957469,0.7187932999257782,60.73717944175642,-0.7299999999999898,82.02984380833244,75.40015619166756,2.8224357142857164,3350371.85,-35524858.0,77.76,81.07,80.57
2025-01-14,80.64,80.7,77.1,79.17,4112953.0,78.727,78.86145698199614,0.6643167960030496,47.13249830851317,-1.0699999999999932,82.04685478438884,75.40714521561117,2.648150000000002,3395520.9,-39637811.0,79.84,79.88,80.24
2025-01-15,80.17,82.29,80.0529,80.4,4770866.0,78.8875,79.0079848884727,0.7121848707530063,52.704402469316875,2.4000000000000057,82.20486023779816,75.57013976220185,2.6328500000000026,3486220.25,-34866945.0,79.17,79.35,78.0
2025-01-16,83.0,85.485,82.44,84.84,6002024.0,79.309,79.56341489909435,1.0957603154060678,61.710794253363,7.070000000000007,83.36165812704361,75.25634187295638,2.690350000000003,3585647.35,-28864921.0,80.4,80.09,77.77
2025-01-17,86.32,86.33,83.89,84.38,5135596.0,79.638,80.0221372896568,1.3470999336908847,59.635811793884606,5.8799999999999955,84.20993544181964,75.06606455818037,2.7632071428571456,3661736.35,-34000517.0,84.84,77.76,78.5
2025-01-21,86.27,87.05,85.07,86.32,4057763.0,80.191,80.6219337382609,1.6834247066070134,64.21889612258818,5.25,85.1889654808056,75.1930345191944,2.8424928571428603,3717156.9,-29942754.0,84.38,79.84,81.07
2025-01-22,85.85,88.205,85.72,87.09,3175381.0,80.7545,81.23794004890273,1.9891671958534687,72.82772471021654,7.210000000000008,86.19882674296524,75.31017325703475,2.8821357142857176,3685170.4,-26767373.0,86.32,79.17,79.88
2025-01-23,87.02,87.86,86.62,87.7,3991432.0,81.1375,81.8533743299596,2.2547014287861202,74.47018230445624,8.350000000000009,87.38820901241218,74.88679098758783,2.867135714285717,3305815.95,-22775941.0,87.09,80.4,79.35
2025-01-24,88.0,88.87,87.16,88.75,3256231.0,81.598,82.5101958223444,2.5208071505563225,74.86656957553943,8.659999999999997,88.65783330651267,74.53816669348733,2.8242785714285747,3349151.5,-19519710.0,87.7,84.84,80.09
2025-01-27,88.58,89.59,87.35,87.53,3206222.0,81.9625,82.98827241069256,2.603245455070777,66.77050877804844,9.769999999999996,89.46594727792419,74.45905272207582,2.7915071428571463,3451807.15,-22725932.0,88.75,84.38,77.76
2025-01-28,87.01,89.0,86.6501,88.35,3408263.0,82.3515,83.49891313348374,2.7035803608291644,72.41926940106563,8.509999999999991,90.34186070590573,74.36113929409427,2.7433571428571466,3554677.1,-19317669.0,87.53,86.32,79.84
2025-01-29,88.15,88.31,86.04,86.43,2639183.0,82.661,83.77806426362815,2.598217903963757,67.45562125520817,7.260000000000005,90.78539834209332,74.53660165790669,2.7744285714285746,3596745.75,-21956852.0,88.35,87.09,79.17
2025-01-30,86.61,88.7,86.61,87.62,2160122.0,83.14200000000001,84.14396290518738,2.58098842460808,68.16208389029093,7.219999999999999,91.2435569653687,75.04044303463132,2.791571428571431,3567099.55,-19796730.0,86.43,87.7,80.4
2025-01-31,86.87,88.29,86.59,86.83,2339488.0,83.595,84.3997759618362,2.4750566282512807,73.6320999983924,1.9899999999999949,91.44096577530928,75.74903422469072,2.714785714285717,3585754.7,-22136218.0,87.62,88.75,84.84
2025-02-03,88.0,88.42,86.79,87.05,2177688.0,84.02250000000001,84.65217825118513,2.3814057151141554,70.80207726536472,2.6700000000000017,91.6276087400066,76.41739125999342,2.2155000000000027,3582442.0,-19958530.0,86.83,87.53,84.38
2025-02-04,85.002,87.95,85.002,87.46,2079105.0,84.34200000000001,84.91958984631036,2.3136005186094053,74.2823666643261,1.1400000000000006,91.96173227875863,76.7222677212414,2.168928571428574,3552165.3,-17879425.0,87.05,88.35,86.32
2025-02-05,87.46,88.86,87.01,88.78,2011934.0,84.787,85.28724795618557,2.339410116577355,74.41724935653603,1.6899999999999977,92.34884911944289,77.22515088055712,2.1412785714285727,3480689.5,-15867491.0,87.46,86.43,87.09
2025-02-06,88.85,89.58,87.66,88.32,2472161.0,85.2355,85.5760814841679,2.2962762105228904,63.20182087368542,0.6199999999999903,92.49766576366193,77.97333423633808,2.06092142857143,3482843.25,-18339652.0,88.78,87.62,87.7
2025-02-07,88.52,88.72,87.595,88.08,2928675.0,85.635,85.81454991424715,2.217168150673686,64.27469128859218,-0.6700000000000017,92.57737180765662,78.69262819234339,1.9669928571428588,3508115.0,-21268327.0,88.32,86.83,88.75
2025-02-10,88.38,88.425,85.6044,88.27,3006767.0,86.1605,86.04840230336647,2.1450787231488135,58.69759136291114,0.7399999999999949,92.11361674228924,80.20738325771076,2.0270357142857156,3422605.3,-18261560.0,88.08,87.05,87.53
2025-02-11,87.52,88.02,86.28,86.38,2586247.0,86.4875,86.07998303637919,1.9133838300948725,47.12084341770541,-1.9699999999999989,91.64397727568858,81.33102272431141,1.9738214285714295,3275905.05,-20847807.0,88.27,87.46,88.35
2025-02-12,85.07,85.29,83.78,83.87,4111749.0,86.7225,85.86950846148594,1.509823628071473,36.542515775713596,-2.5600000000000023,90.78775651420322,82.65724348579677,1.9931071428571445,3275844.85,-24959556.0,86.38,88.78,86.43
2025-02-13,83.96,84.58,83.2,84.09,6821217.0,86.90700000000001,85.70003146515394,1.1939878728899345,32.611940264435276,-3.530000000000001,89.97723811865126,83.83676188134876,1.969535714285715,3378362.4,-18138339.0,83.87,88.32,87.62
2025-02-14,86.03,89.84,86.0,89.07,7591954.0,87.1185,86.020980849425,1.3301964650082283,54.48717944272606,2.239999999999995,90.17194171644809,84.0650582835519,2.083821428571429,3457858.9,-10546385.0,84.09,88.08,86.83
2025-02-18,90.0,93.25,89.57,90.53,5693476.0,87.426,86.45041124471786,1.538220900827298,56.123595461475844,3.480000000000004,90.55597326370929,84.29602673629071,2.178828571428572,3485752.9,-4852909.0,89.07,88.27,87.05
2025-02-19,90.77,91.74,89.115,89.68,3251731.0,87.594,86.7579911261733,1.6158671579410822,59.7130902070542,2.220000000000013,90.83281979803856,84.35518020196143,2.204185714285715,3445451.3,-8104640.0,90.53,86.38,87.46
2025-02-20,89.45,89.84,88.36,89.34,3340528.0,87.7065,87.00389673320441,1.6311641723984138,55.415617079608396,0.5600000000000023,91.0268885314758,84.3861114685242,2.1606142857142863,3453708.65,-11445168.0,89.68,83.87,88.78
2025-02-21,88.6,89.87,87.56,88.78,3729542.0,87.76050000000001,87.17304942528018,1.5798878826154237,56.23003189858018,0.46000000000000796,91.11539257808388,84.40560742191613,2.204185714285715,3440614.15,-15174710.0,89.34,84.09,88.32
2025-02-24,88.82,91.22,88.5,90.75,4021266.0,87.8605,87.51371138477731,1.6788607281402648,60.632183859261474,2.6700000000000017,91.4505650924986,84.2704349075014,2.282042857142858,3478865.9,-11153444.0,88.78,89.07,88.08
2025-02-25,90.71,91.87,87.93,88.32,3488404.0,87.9,87.59050077670328,1.5434250859943006,52.21421211477863,0.04999999999999716,91.49213761311213,84.30786238688788,2.3529000000000004,3492975.0,-14641848.0,90.75,90.53,88.27
2025-02-26,87.68,90.66,86.41,89.91,3052308.0,87.978,87.8114054646363,1.5465632571221732,52.869476854231955,3.530000000000001,91.67742584449307,84.27857415550692,2.524328571428572,3475177.25,-11589540.0,88.32,89.68,86.38
2025-02-27,89.44,90.0,87.73,87.81,2484427.0,88.047,87.81127161086141,1.3638759181810798,48.804500671201936,3.9399999999999977,91.6756584442765,84.4183415557235,2.5493285714285716,3467439.45,-14073967.0,89.91,89.34,83.87
2025-02-28,87.84,88.6,86.79,88.37,4965831.0,88.08449999999999,87.86448383839841,1.2498744313391228,50.669745925663925,4.280000000000001,91.71007857451137,84.45892142548861,2.5982571428571424,3607724.9,-9108136.0,87.81,88.78,84.09
2025-03-03,88.67,88.74,85.64,85.99,3910629.0,88.04249999999999,87.68596156807476,0.9564558939975569,45.218120778814864,-3.0799999999999983,91.74785245854711,84.33714754145286,2.6182142857142847,3686281.95,-13018765.0,88.37,90.75,89.07
2025-03-04,85.76,86.14,81.77,82.42,5574629.0,87.811,87.18444141873431,0.43088346851344284,42.24137928717167,-8.11,92.27775155718787,83.34424844281214,2.8060714285714283,3856129.0,-18593394.0,85.99,88.32,90.53
2025-03-05,82.61,83.54,81.5,81.96,3343383.0,87.536,86.68687556933104,-0.02249530892868279,45.930975686278906,-7.720000000000013,92.71429234196984,82.35770765803017,2.843928571428571,3919342.9,-21936777.0,82.42,89.91,89.68
2025-03-06,80.44,81.75,79.09,79.51,5366674.0,87.0725,86.00336361034712,-0.5728918404411445,41.08949414104075,-9.829999999999998,93.32915750683628,80.81584249316373,2.9353571428571428,4087079.9,-27303451.0,81.96,87.81,89.34
2025-03-07,79.51,80.32,76.82,77.84,3882539.0,86.5485,85.22590040936169,-1.130804885467228,24.921840091607635,-10.939999999999998,94.00551584168319,79.09148415831682,2.9110714285714283,4157598.8,-31185990.0,79.51,88.37,88.78
2025-03-10,74.74,74.92,70.47,70.72,8340247.0,85.6805,83.84438608466057,-2.1230067881461423,14.688057033667278,-20.03,95.91214436030424,75.44885563969575,2.966071428571428,4428177.4,-39526237.0,77.84,85.99,90.75
2025-03-11,71.15,71.45,69.02,70.26,6059270.0,84.78,82.55063502897862,-2.912874298357295,14.895155451607664,-18.059999999999988,97.02426310348338,72.53573689651662,2.952142857142857,4580802.55,-45585507.0,70.72,82.42,88.32
2025-03-12,71.18,72.3,69.86,70.76,5172972.0,83.999,81.42771740717113,-3.458635176176813,16.606757719895967,-19.14999999999999,97.71745150076725,70.28054849923274,3.020714285714285,4710138.8,-40412535.0,70.26,81.96,89.91
2025-03-13,70.7,70.715,68.3,68.48,3360485.0,83.2295,80.19460146363102,-4.028691303514876,15.639810419128054,-19.33,98.60487809547796,67.85412190452205,3.0282142857142853,4672575.6,-43773020.0,70.76,79.51,87.81
2025-03-14,68.59,70.77,68.59,70.69,4902283.0,82.5595,79.28940132423759,-4.253109166204055,16.319677628325195,-17.680000000000007,98.91368050530066,66.20531949469934,2.9896428571428566,4576628.9,-38870737.0,68.48,77.84,88.37
2025-03-17,70.33,72.2,70.3,71.35,3627105.0,81.6735,78.53326786478638,-4.327817073824306,19.707247401788578,-14.64,98.45693578776591,64.8900642122341,2.843928571428571,4378386.45,-35243632.0,70.69,70.72,85.99
2025-03-18,71.25,71.35,69.92,70.7,2604057.0,80.682,77.78724235385434,-4.388880909437617,14.517916505236386,-11.719999999999999,97.6048361440348,63.7591638559652,2.642499999999999,4223915.5,-37847689.0,71.35,70.26,82.42
2025-03-19,70.71,74.42,70.71,73.38,4298289.0,79.867,77.36750498682059,-4.172918035237942,23.905967438166925,-8.579999999999998,96.5333039820174,63.200696017982615,2.745357142857143,4276243.4,-33549400.0,70.7,70.76,81.96
2025-03-20,72.9,76.27,72.52,75.11,3588379.0,79.15549999999999,77.1525045118853,-3.8181560336827687,26.995142249204278,-4.400000000000006,95.32664841477214,62.98435158522785,2.8839285714285725,4288635.95,-29961021.0,73.38,68.48,79.51
2025-03-21,74.17,74.485,72.73,73.8,5560929.0,78.4065,76.83321836789622,-3.6011982713967114,28.036036021891704,-4.040000000000006,94.08070982646865,62.73229017353135,2.787857142857144,4380205.3,-35521950.0,75.11,70.69,77.84
2025-03-24,75.045,75.81,74.6,75.32,2692800.0,77.63499999999999,76.68910233285848,-3.2689242608147993,36.1867704083029,4.599999999999994,92.23308422902986,63.036915770970126,2.5621428571428586,4313782.0,-32829150.0,73.8,71.35,70.72
2025-03-25,75.24,76.01,72.52,73.55,3240581.0,76.8965,76.39014020591958,-3.112539503113126,34.43169194809167,3.289999999999992,90.69088982073045,63.10211017926956,2.6657142857142873,4301390.85,-36069731.0,75.32,70.7,70.26
2025-03-26,73.25,73.3965,71.47,72.13,3271802.0,76.0075,75.98441256726058,-3.0678216501774784,35.7967667243589,1.3699999999999903,88.50100631327953,63.51399368672045,2.613321428571431,4312365.55,-39341533.0,73.55,73.38,70.76
2025-03-27,71.98,72.47,69.41,69.47,5524036.0,75.09049999999999,75.36399232275957,-3.210019097020748,34.48275860278979,0.9899999999999949,86.58913785983081,63.59186214016917,2.581892857142859,4464346.0,-44865569.0,72.13,75.11,68.48
2025-03-28,69.5,69.89,67.37,67.74,4681070.0,74.059,74.63789781583009,-3.4228516368891775,43.095458730151215,-2.950000000000003,84.15791687782503,63.960083122174964,2.444035714285716,4450107.95,-49546639.0,69.47,73.8,70.69
2025-03-31,67.22,68.75,66.25,68.29,5617469.0,73.174,74.03333611908437,-3.506719277676254,45.45454542517934,-3.059999999999988,81.87622814782505,64.47177185217497,2.4490357142857158,4535449.95,-43929170.0,67.74,75.32,71.35
2025-04-01,67.85,68.4,66.3,67.32,3216548.0,72.419,73.39397077440967,-3.609843847778066,42.23125561918527,-3.3800000000000097,80.32758267959288,64.51041732040711,2.424750000000002,4417545.9,-47145718.0,68.29,73.55,70.7
2025-04-02,66.32,68.52,66.32,68.14,2561941.0,71.728,72.89359260541826,-3.5840885240939855,49.17794967657198,-5.239999999999995,78.45299688905887,65.00300311094112,2.409392857142859,4378473.8,-44583777.0,67.32,72.13,73.38
2025-04-03,64.89,65.01,61.48,61.8,5404473.0,70.8425,71.8370599763308,-4.028820523782031,32.08383714432996,-13.310000000000002,77.90828077035326,63.776719229646744,2.5058214285714313,4380363.75,-49988250.0,68.14,69.47,75.11
2025-04-04,59.63,61.05,57.52,59.83,6552482.0,69.942,70.69353045477548,-4.488495788223858,27.94793260370328,-13.969999999999999,77.79910700743429,62.08489299256569,2.622250000000002,4513860.9,-56540732.0,61.8,67.74,73.8
2025-04-07,58.03,62.9,58.0,61.63,8396078.0,69.4875,69.8303370781302,-4.653899533433574,33.37000364990175,-13.68999999999999,78.16402337602419,60.8109766239758,2.870107142857145,4516652.45,-48144654.0,59.83,68.29,75.32
2025-04-08,62.5,63.89,59.97,60.69,5576407.0,69.009,68.95982878497495,-4.805439225168428,25.14688600266136,-12.86,78.52142710740229,59.49657289259771,2.885107142857145,4492509.3,-53721061.0,61.63,67.32,73.55
2025-04-09,60.09,67.63,59.62,66.84,6697678.0,68.813,68.75794032926305,-4.378805773106919,36.1936560765706,-5.289999999999992,78.33505218924444,59.290947810755576,3.189392857142859,4568744.6,-47023383.0,60.69,68.14,72.13
2025-04-10,72.8,73.5,66.46,67.3,8912116.0,68.75399999999999,68.61908886933324,-3.957952717809661,38.83161510159306,-2.1700000000000017,78.29933426946103,59.208665730538954,3.56689285714286,4846326.15,-38111267.0,66.84,61.8,69.47
2025-04-11,67.23,67.6599,64.99,66.14,4788611.0,68.5265,68.38298516749198,-3.6756552788410346,34.02922754083478,-1.5999999999999943,78.094411887904,58.958588112095995,3.6711714285714305,4840642.55,-42899878.0,67.3,59.83,67.74
2025-04-14,67.28,68.07,66.4101,67.39,3644730.0,68.32849999999999,68.28841515154036,-3.312879162511294,39.08575476445074,-0.9000000000000057,77.81393320876029,58.84306679123969,3.5404500000000008,4841523.8,-39255148.0,66.14,61.63,68.29
2025-04-15,67.4,69.32,66.978,69.23,4615119.0,68.255,68.3780898990127,-2.8441186250733352,44.93715081602237,1.9100000000000108,77.68568340437967,58.82431659562032,3.570128571428572,4942076.9,-34640029.0,67.39,60.69,67.32
2025-04-16,68.84,69.69,67.75,68.73,4273569.0,68.0225,68.41160514672578,-2.4843305273647047,48.60271900753634,0.5900000000000034,77.14544245007204,58.89955754992795,3.4901285714285715,4940840.9,-38913598.0,69.23,66.84,68.14
