Date,Open,High,Low,Close,Volume,SMA_20,EMA_20,MACD,RSI_14,Momentum_10,Bollinger_Upper,Bollinger_Lower,ATR_14,Volume_MA_20,OBV,Lag_1,Lag_5,Lag_10
2023-08-15,56.49,57.56,56.49,56.99,72461.0,60.74525,59.957103265038974,-1.2448625770147288,28.73786405162913,-5.829999999999998,68.21899596064186,53.271504039358135,1.753978571428572,110837.7,-300337.0,56.575,57.11,62.82
2023-08-16,56.89,57.045,55.55,55.67,75999.0,60.21625,59.54880771598764,-1.290518976188885,28.119062672978686,-9.030000000000001,67.54577563626268,52.886724363737336,1.755050000000001,109756.7,-376336.0,56.99,57.07,64.7
2023-08-17,55.52,55.7884,54.885,55.15,77237.0,59.662749999999996,59.12987364779834,-1.3453693049727278,25.204788887658026,-2.0700000000000003,66.75127109510788,52.57422890489211,1.7445785714285726,110578.35,-453573.0,55.67,56.47,57.22
2023-08-18,55.03,55.91,55.03,55.14,127262.0,59.24425,58.749885681341354,-1.3726381460784083,24.18634330959742,-1.7299999999999969,66.36464271167125,52.12385728832875,1.729935714285715,107864.5,-580835.0,55.15,55.82,56.87
2023-08-21,55.12,55.9,54.69,55.26,57197.0,58.83175,58.4175156164517,-1.36936607619392,25.422626764894886,-2.3500000000000014,65.86699156993691,51.796508430063085,1.7231500000000008,106203.05,-523638.0,55.14,56.575,57.61
2023-08-22,55.32,56.34,55.24,55.94,86127.0,58.440250000000006,58.18156174821821,-1.30345642760755,19.11142452273907,-1.1700000000000017,65.1838227489998,51.69667725100021,1.5781928571428578,107772.55,-437511.0,55.26,56.99,57.11
2023-08-23,56.21,57.24,56.16,56.65,96607.0,58.09475,58.03569872457838,-1.187019893541141,46.153846066645905,-0.4200000000000017,64.4295440397708,51.759955960229185,1.1853357142857155,110083.05,-340904.0,55.94,55.67,57.07
2023-08-24,56.57,56.77,55.835,56.4,133325.0,57.78574999999999,57.87991789366615,-1.1001493886333904,46.78522562859192,-0.07000000000000028,63.793828136537236,51.77767186346275,1.1871214285714298,112971.85,-474229.0,56.65,55.15,56.47
2023-08-25,56.52,56.89,56.22,56.67,70829.0,57.46825,57.7646876180789,-1.0002848664613353,43.12865488248523,0.8500000000000014,62.960678544440924,51.97582145555907,1.1435500000000012,113523.3,-403400.0,56.4,55.14,55.82
2023-08-28,56.89,57.65,56.6,57.59,99580.0,57.186249999999994,57.74805070207139,-0.8444150218775732,53.30578502117344,1.0150000000000006,61.966004315421394,52.406495684578594,1.1346214285714298,111769.8,-303820.0,56.67,55.26,56.575
2023-08-29,57.43,58.84,57.29,58.69,68888.0,56.97975,57.83776015901697,-0.6330397212803334,59.73557682256031,1.6999999999999957,61.03692100686518,52.92257899313483,1.1688142857142871,110434.2,-234932.0,57.59,55.94,56.99
2023-08-30,58.69,59.92,58.46,58.68,93871.0,56.678749999999994,57.917973477205834,-0.4613462792849745,64.29495460541665,3.009999999999998,58.71342797788352,54.64407202211647,1.1631000000000016,100063.95,-328803.0,58.69,56.65,55.67
2023-08-31,58.69,59.09,57.76,57.81,91605.0,56.70825,57.90769028890052,-0.3858985939148454,62.51572316034969,2.6600000000000037,58.79247464442321,54.62402535557679,1.1652428571428592,96715.5,-420408.0,58.68,56.4,55.15
2023-09-01,58.13,58.63,57.99,58.18,55814.0,56.77374999999999,57.93362454710047,-0.29507061884005026,60.60806333793616,3.039999999999999,58.959254578617454,54.58824542138253,1.0981000000000019,92960.1,-364594.0,57.81,56.67,55.14
2023-09-05,57.84,58.18,55.03,55.29,102485.0,56.65775000000001,57.68185078070995,-0.4358476147006698,41.5338644839169,0.030000000000001137,58.90185918910636,54.413640810893654,1.2466714285714302,91839.55,-467079.0,58.18,57.59,55.26
2023-09-06,56.47,56.97,55.54,56.65,78235.0,56.63475,57.58357927778519,-0.4391302425914958,54.861111034915105,0.7100000000000009,58.86874918720241,54.40075081279758,1.2420285714285728,90191.8,-388844.0,55.29,58.69,55.94
2023-09-07,56.65,57.265,55.87,56.97,83805.0,56.62975,57.52514315609136,-0.41257774272907,59.210526231887926,0.3200000000000003,58.86009213802089,54.399407861979114,1.2771428571428582,89956.7,-305039.0,56.65,58.68,56.65
2023-09-08,57.0,57.02,55.66,55.79,57784.0,56.595749999999995,57.359891426939804,-0.47618460163290877,52.94117640351343,-0.6099999999999994,58.85686587496085,54.33463412503914,1.3114285714285734,86192.0,-362823.0,56.97,57.81,56.4
2023-09-11,55.99,57.61,55.75,57.12,114427.0,56.66075000000001,57.33704462437411,-0.41961737469696914,57.58564430618279,0.44999999999999574,58.902629556838065,54.41887044316195,1.3578571428571446,87995.2,-248396.0,55.79,58.18,56.67
2023-09-12,56.91,57.2,56.31,56.7,86928.0,56.66700000000001,57.27637370776705,-0.40249987716555324,53.16666660463891,-0.8900000000000006,58.90856993856398,54.42543006143604,1.3428571428571447,86523.3,-335324.0,57.12,55.29,57.59
2023-09-13,56.53,56.8775,55.93,55.99,53765.0,56.617,57.15386192607495,-0.43871912605872154,47.24999994487501,-2.6999999999999957,58.87280047643263,54.361199523567365,1.3333928571428584,85588.5,-389089.0,56.7,56.65,58.69
2023-09-14,56.19,56.73,55.92,56.64,93517.0,56.665499999999994,57.10492269502019,-0.4122238216305334,50.96774187793966,-2.039999999999999,58.87684372105097,54.45415627894902,1.3244642857142865,86464.4,-295572.0,55.99,56.97,58.68
2023-09-15,56.84,57.35,55.4,57.08,294237.0,56.762,57.10254910501827,-0.3529335225134602,51.630867086489076,-0.730000000000004,58.86044654321639,54.66355345678361,1.415892857142858,97314.4,-1335.0,56.64,55.79,57.81
2023-09-18,56.99,57.515,56.4,57.44,86273.0,56.876999999999995,57.13468728549272,-0.27471975886273725,49.37552034211011,-0.740000000000002,58.84948547456461,54.90451452543538,1.4205357142857156,95264.95,84938.0,57.08,57.12,58.18
2023-09-19,57.56,57.8,56.74,57.52,89895.0,56.989999999999995,57.17138373449341,-0.20414996320486267,44.67697901497019,2.230000000000004,58.826713311726586,55.153286688273404,1.3855357142857148,96899.85,174833.0,57.44,56.7,55.29
2023-09-20,57.84,57.84,57.175,57.49,89658.0,57.067499999999995,57.201728140732136,-0.14887709321505582,44.595821923311405,0.8400000000000034,58.84759905105837,55.287400948941624,1.328750000000001,97076.4,85175.0,57.52,55.99,56.65
2023-09-21,57.11,57.4,56.31,57.03,98361.0,57.0865,57.185373079710025,-0.13959943369471262,46.32075465580277,0.060000000000002274,58.85591590124507,55.31708409875493,1.3116071428571432,97164.1,-13186.0,57.49,56.64,56.97
2023-09-22,57.12,57.605,56.945,57.0,88301.0,57.116499999999995,57.16771850069002,-0.13307014575842402,44.24951261018585,1.2100000000000009,58.85701746691365,55.375982533086336,1.3130357142857143,94912.9,-101487.0,57.03,57.08,55.79
2023-09-25,56.75,56.75,55.07,55.78,112974.0,57.07199999999999,57.03555483395764,-0.22151352535330204,52.85215358091617,-1.3399999999999963,58.90370441191571,55.240295588084265,1.2080357142857143,97020.15,-214461.0,57.0,57.44,57.12
2023-09-26,55.41,55.87,53.33,53.45,200880.0,56.864999999999995,56.69407342119977,-0.4701491878956716,33.26359827764746,-3.25,59.28989283539662,54.44010716460337,1.2873214285714287,102085.15,-415341.0,55.78,57.52,56.7
2023-09-27,53.71,54.41,53.47,53.51,136543.0,56.605999999999995,56.39082833346646,-0.6548180221025959,31.397849415099998,-2.480000000000004,59.30158235090793,53.91041764909206,1.2548214285714283,105467.9,-278798.0,53.45,57.49,55.99
2023-09-28,53.69,55.36,53.5,55.08,160070.0,56.42600000000001,56.265987539802985,-0.6690255067048696,46.336429241619186,-1.5600000000000023,59.017219180637824,53.834780819362194,1.2905357142857135,108777.85,-118728.0,53.51,57.03,56.64
2023-09-29,55.22,55.22,54.3,54.48,227420.0,56.25949999999999,56.09589348839317,-0.719559864593613,35.267857087751096,-2.6000000000000014,58.90367910851265,53.61532089148733,1.2233928571428565,115568.6,-346148.0,55.08,57.0,57.08
2023-10-02,54.37,55.2,53.91,55.16,251200.0,56.10850000000001,56.00676077521287,-0.6975288717526809,41.64858995845113,-2.280000000000001,58.6331179492101,53.58388205078991,1.2519642857142854,125337.9,-94948.0,54.48,55.78,57.44
2023-10-03,54.98,55.77,54.88,54.89,134976.0,56.088499999999996,55.90040260614497,-0.6935294010504052,43.73576302821176,-2.6300000000000026,58.646536047645284,53.53046395235471,1.2478571428571428,126962.45,-229924.0,55.16,53.45,57.52
2023-10-04,54.89,55.35,53.88,54.96,147533.0,56.004,55.810840453178784,-0.6769671556510914,39.75609749309934,-2.530000000000001,58.59537354352964,53.412626456470356,1.2950000000000002,130427.35,-82391.0,54.89,53.51,57.49
2023-10-05,55.16,57.9,54.24,57.65,197179.0,56.038,55.985998505256994,-0.44435427151681495,52.72727265663332,0.6199999999999974,58.69963068338508,53.37636931661491,1.4171428571428568,136096.05,114788.0,54.96,55.08,57.03
2023-10-06,57.15,58.01,56.345,57.72,96833.0,56.1345,56.151141504756325,-0.2515462230893206,51.37795268510913,0.7199999999999989,58.89633367767829,53.37266632232171,1.456428571428571,138048.5,211621.0,57.65,54.48,57.0
2023-10-09,57.26,57.8493,56.58,56.99,76107.0,56.128,56.23103279001763,-0.15524839790073486,47.54856608088066,1.2100000000000009,58.880664546446454,53.37533545355355,1.4713785714285714,136132.5,135514.0,57.72,55.16,55.78
2023-10-10,57.03,58.5,56.81,58.01,106343.0,56.19350000000001,56.400458238587376,0.002520977361037069,52.20338976857223,4.559999999999995,59.06332321113305,53.32367678886696,1.5445928571428564,137103.25,241857.0,56.99,54.89,53.45
2023-10-11,57.85,58.012,50.8,51.09,304349.0,55.9485,55.894700311102866,-0.4208728493660132,33.734939733171444,-2.4199999999999946,59.61697896201368,52.28002103798632,1.9818785714285714,149632.45,-62492.0,58.01,54.96,53.51
2023-10-12,50.67,51.46,47.05,47.33,299896.0,55.483000000000004,55.07901456718831,-1.0451430630725866,28.01273304264761,-7.75,60.78227144942935,50.183728550570656,2.249735714285715,159951.4,-362388.0,51.09,57.65,55.08
2023-10-13,47.3,48.21,46.43,46.77,147566.0,54.96750000000001,54.28767984650371,-1.5665846702398625,28.87951240486106,-7.709999999999994,61.47970675670741,48.45529324329261,2.256878571428572,152617.85,-509954.0,47.33,57.72,54.48
2023-10-16,47.1,48.56,46.8022,47.93,109324.0,54.492,53.68218652778907,-1.8653446680144938,36.309523784308844,-7.229999999999997,61.605117903970786,47.37888209602921,2.2010071428571436,153770.4,-400630.0,46.77,56.99,55.16
2023-10-17,47.88,49.67,47.88,48.99,111318.0,54.0655,53.235311620380585,-1.9941254083179487,39.319470673418124,-5.899999999999999,61.43254318320167,46.69845681679833,2.2617214285714295,154841.55,-289312.0,47.93,58.01,54.89
2023-10-18,48.92,50.165,48.11,48.32,90732.0,53.607000000000006,52.767186704153865,-2.12537883613998,33.31688052979089,-6.640000000000001,61.21416310633052,45.999836893669496,2.275650000000001,154895.25,-380044.0,48.99,51.09,54.96
2023-10-19,48.12,48.98,47.3009,48.16,156698.0,53.1635,52.328407018043976,-2.216650888869715,34.056508553138684,-9.490000000000002,60.96223748216914,45.36476251783086,2.3298714285714293,157812.1,-536742.0,48.32,47.33,57.65
2023-10-20,48.48,49.32,48.19,49.24,164989.0,52.7755,52.0342730163255,-2.177179891807512,35.361028659987426,-8.479999999999997,60.54264666839899,45.008353331601015,2.3184428571428577,161646.5,-371753.0,48.16,46.77,57.72
2023-10-23,49.64,49.64,47.7,48.46,147548.0,52.4095,51.69386606238974,-2.183340135404322,34.49107571235528,-8.530000000000001,60.26983473239299,44.549165267607016,2.3934428571428574,163375.2,-519301.0,49.24,47.93,56.99
2023-10-24,48.51,49.77,47.74,49.52,130249.0,52.213,51.486831199305,-2.0790963046515074,37.476979718016686,-8.489999999999995,60.159828827969875,44.26617117203013,2.4334428571428575,159843.65,-389052.0,48.46,48.99,58.01
2023-10-25,49.06,49.06,46.67,46.77,215229.0,51.876,51.03760918032357,-2.192159490731072,25.022956825054123,-4.32,60.15590694074328,43.59609305925672,2.342728571428572,163777.95,-604281.0,49.52,48.32,51.09
2023-10-26,46.49,47.29,45.2,45.37,168455.0,51.390499999999996,50.49783687743561,-2.3669806688390125,23.27996536884814,-1.9600000000000009,60.0110787447675,42.76992125523249,2.3730857142857147,164197.2,-772736.0,46.77,48.16,47.33
2023-10-27,45.73,47.46,44.27,47.4,387466.0,51.036500000000004,50.202804793870314,-2.315605010242024,30.35641128943098,0.6299999999999955,59.70423879333441,42.368761206665596,2.5102785714285716,172199.5,-385270.0,45.37,49.24,46.77
2023-10-30,47.74,48.1,46.5,47.9,253598.0,50.673500000000004,49.98349005159695,-2.209200776843126,28.8405190287247,-0.030000000000001137,59.22138437968259,42.12561562031742,2.5038500000000004,172319.4,-131672.0,47.4,48.46,47.93
2023-10-31,48.23,48.9,47.14,48.58,183868.0,50.358000000000004,49.84982433239724,-2.046574815537035,42.889518379577716,-0.4100000000000037,58.714253504506644,42.001746495493364,2.1144214285714287,174764.0,52196.0,47.9,49.52,48.99
2023-11-01,48.1,49.11,46.71,47.82,202584.0,50.001,49.65650772931179,-1.9562839286711906,51.67235489942575,-0.5,58.1365901671865,41.8654098328135,1.9708499999999998,177516.55,-150388.0,48.58,46.77,48.32
2023-11-02,47.82,52.26,45.96,46.65,346807.0,49.451,49.37017365985353,-1.9563255760216265,49.60681515763462,-1.509999999999998,56.864560548076795,42.037439451923206,2.293707142857142,184997.95,-497195.0,47.82,45.37,48.16
2023-11-03,47.33,49.29,47.33,48.49,129292.0,48.9895,49.286347597010334,-1.7876383699310239,51.756587156550054,-0.75,55.30325599281781,42.67574400718219,2.308149999999999,186620.9,-367903.0,46.65,47.4,49.24
2023-11-06,48.47,49.73,48.04,49.23,120674.0,48.6015,49.280981159199825,-1.5762047541715916,50.768245793165455,0.769999999999996,53.67756675332499,43.525433246675014,2.301007142857142,188849.25,-247229.0,48.49,47.9,48.46
2023-11-07,49.46,50.84,49.0,49.5,91918.0,48.176,49.30184009641889,-1.3710950005108273,53.87647826844476,-0.020000000000003126,50.73301635340484,45.61898364659516,2.2856499999999995,188128.0,-155311.0,49.23,48.58,49.52
2023-11-08,49.79,49.81,48.67,49.44,100815.0,48.0935,49.314998182474234,-1.199547561561623,54.232804182588666,2.6699999999999946,50.34258191795787,45.844418082042125,2.247142857142857,177951.3,-256126.0,49.5,47.82,46.77
2023-11-09,49.35,49.7339,48.81,48.82,119808.0,48.168,49.26785549842907,-1.1008419728286256,48.5675306493898,3.450000000000003,50.40929285998313,45.926707140016866,2.2324214285714277,168946.9,-375934.0,49.44,46.65,45.37
2023-11-10,48.8,49.32,47.72,48.55,84136.0,48.257,49.199488308102495,-1.0324637276367739,50.3180211516288,1.1499999999999986,50.40393024425225,46.110069755747745,2.2081357142857136,165775.4,-460070.0,48.82,48.49,47.4
2023-11-13,48.86,49.98,48.66,49.72,61022.0,48.3465,49.24906085018797,-0.8739356982526232,50.70126222231291,1.8200000000000003,50.583389522717404,46.109610477282594,2.157421428571428,163360.3,-399048.0,48.55,49.23,47.9
2023-11-14,50.87,52.26,50.17,52.06,194033.0,48.5,49.51676934064626,-0.553376887982175,69.09747285434187,3.480000000000004,51.278572143726976,45.721427856273024,2.135992857142856,167496.05,-205015.0,49.72,49.5,48.58
2023-11-15,51.77,53.0234,50.415,52.15,108824.0,48.691500000000005,49.767553212965666,-0.2887537118499708,77.03349273696419,4.329999999999998,51.91081195656541,45.4721880434346,2.173021428571428,168400.65,-96191.0,52.06,49.44,47.82
2023-11-16,52.07,53.13,51.76,52.98,104733.0,48.9325,50.07350052601655,-0.012011234563544804,74.6031745110719,6.329999999999998,52.66503053711915,45.199969462880844,2.0430214285714285,165802.4,8542.0,52.15,48.82,46.65
2023-11-17,53.36,53.54,52.61,53.11,113704.0,49.126,50.36269095211021,0.21530189611516448,73.74658149202806,4.619999999999997,53.30071284861866,44.95128715138134,1.9951642857142855,163238.15,122246.0,52.98,48.55,48.49
2023-11-20,53.11,53.82,52.6,53.76,76555.0,49.391000000000005,50.68624419476638,0.44273645455240285,73.67458857116596,4.530000000000001,54.034274253097095,44.747725746902915,1.956592857142857,159688.5,198801.0,53.11,49.72,49.23
2023-11-21,53.43,53.76,52.26,53.23,115502.0,49.576499999999996,50.92850665240768,0.5736398166100614,75.25676927604154,3.729999999999997,54.52769453954514,44.625305460454854,1.892307142857143,158951.15,83299.0,53.76,52.06,49.5
2023-11-22,53.75,54.52,51.9,53.34,124088.0,49.904999999999994,51.15817268551171,0.6784269628408239,84.66321231240568,3.9000000000000057,54.9432181478439,44.86678185215609,1.6294500000000005,154394.1,207387.0,53.23,52.15,49.44
2023-11-24,53.12,53.8,52.7,53.55,40452.0,50.314,51.38596576308202,0.7695298227975584,81.54613452099174,4.729999999999997,55.12509419658579,45.50290580341421,1.5680214285714287,147993.95,247839.0,53.34,52.98,48.82
2023-11-27,53.59,53.7525,53.03,53.35,90314.0,50.6115,51.573016642788495,0.8161933476612191,77.54010680674313,4.800000000000004,55.39969282467991,45.82330717532009,1.4989142857142856,133136.35,157525.0,53.55,53.11,48.55
2023-11-28,53.12,53.74,51.8,52.06,65057.0,50.8195,51.61939601014197,0.7406187879328598,65.05882342225607,2.3400000000000034,55.47122056453595,46.16777943546405,1.506057142857143,123709.3,92468.0,53.35,53.76,49.72
2023-11-29,52.71,53.27,52.29,52.33,62424.0,51.007,51.68707258060464,0.6944914797887662,66.59012618458536,0.269999999999996,55.58028673701395,46.433713262986046,1.4946285714285719,117637.1,154892.0,52.06,53.23,52.06
2023-11-30,52.3,52.81,51.6972,52.7,107955.0,51.251,51.783541858642295,0.6799342709150977,72.93144195968793,0.5500000000000043,55.62471527001452,46.877284729985476,1.5081214285714293,112905.65,262847.0,52.33,53.34,52.15
2023-12-01,52.3,53.86,52.05,53.83,162699.0,51.61,51.978442634009696,0.750870542299495,78.3261801398534,0.8500000000000014,55.55085216539189,47.66914783460811,1.5231214285714292,103700.25,425546.0,52.7,53.55,52.98
2023-12-04,53.65,54.56,52.55,54.56,81694.0,51.9135,52.224305240294484,0.8560919826462126,77.25225213045819,1.4500000000000028,55.77681886227103,48.05018113772897,1.5724071428571438,101320.35,507240.0,53.83,53.35,53.11
2023-12-05,54.02,54.83,53.7,54.01,96458.0,52.152499999999996,52.39437140788549,0.8849200510082937,63.7517629206594,0.25,55.9066997535392,48.39830024646079,1.5038357142857153,100109.55,410782.0,54.56,52.06,53.76
2023-12-06,53.99,54.72,53.69,54.24,112975.0,52.3895,52.57014555951544,0.915759915147099,64.45366515873428,1.0100000000000051,56.035553237478354,48.74344676252164,1.391092857142858,101162.4,523757.0,54.01,52.33,53.23
2023-12-07,54.1,55.55,53.63,54.62,186176.0,52.6485,52.76536979194254,0.9597859332848557,62.094395152017476,1.279999999999994,56.145236975193335,49.15176302480666,1.4303785714285715,105430.45,709933.0,54.24,52.7,53.34
2023-12-08,54.49,54.765,53.9031,54.65,168403.0,52.94,52.94485838318611,0.9857328760971527,61.526945978835734,1.1000000000000014,56.04273902764705,49.837260972352944,1.4255142857142857,107860.2,878336.0,54.62,53.83,53.55
2023-12-11,54.64,55.34,53.9445,54.4,159964.0,53.232499999999995,53.083443299073146,0.9748916954924312,55.09554127844943,1.0499999999999972,55.611202653924906,50.85379734607508,1.4380500000000005,111651.6,718372.0,54.65,54.56,53.35
2023-12-12,54.18,55.095,52.72,53.81,119639.0,53.437,53.152639175351894,0.9082376943805173,54.57413237160291,1.75,55.15599725972652,51.71800274027348,1.5005500000000005,114582.45,598733.0,54.4,54.01,52.06
2023-12-13,53.62,54.58,52.79,54.18,183042.0,53.54299999999999,53.25048306341362,0.8751718103848063,56.363636244077114,1.8500000000000014,55.163085767710065,51.92291423228992,1.4412642857142859,114032.9,781775.0,53.81,54.24,52.33
2023-12-14,54.89,57.3,54.75,56.21,129855.0,53.746,53.53234181927899,1.0011824457990954,65.79572435615916,3.509999999999998,55.627515626464856,51.86448437353515,1.5448357142857145,115084.45,911630.0,54.18,54.62,52.7
2023-12-15,56.61,57.34,55.02,55.59,342460.0,53.8765,53.728309265061945,1.0390528725299788,62.66968315866793,1.7600000000000051,55.891624653320704,51.861375346679296,1.6589428571428577,126970.8,569170.0,56.21,54.65,53.83
2023-12-18,55.45,56.2,55.0,55.26,70120.0,53.984,53.87418457315128,1.030563504590873,70.30456840301215,0.6999999999999957,56.05555573371671,51.912444266283295,1.6060857142857148,124791.6,499050.0,55.59,54.4,54.56
2023-12-19,55.74,57.26,55.58,56.06,83080.0,54.099000000000004,54.0823574709464,1.0759706683314008,72.17598085487946,2.0500000000000043,56.36448379868519,51.833516201314815,1.6560857142857144,125117.85,582130.0,55.26,53.81,54.01
2023-12-20,56.01,56.058,54.84,54.85,90075.0,54.18000000000001,54.15546628323722,1.002779956341108,61.62162152835644,0.6099999999999994,56.43045492476985,51.929545075230166,1.6636,123846.5,492055.0,56.06,54.18,54.24
2023-12-21,55.19,56.895,55.19,56.67,69660.0,54.34649999999999,54.39494568483367,1.079165691270397,64.28571419517101,2.0500000000000043,56.81724056658487,51.87575943341511,1.6561000000000001,121125.1,561715.0,54.85,56.21,54.62
2023-12-22,56.91,57.53,55.12,56.93,56584.0,54.515499999999996,54.636379429135225,1.147450361672533,62.51319948519693,2.280000000000001,57.20917661091866,51.82182338908133,1.6846714285714286,121931.7,618299.0,56.67,55.59,54.65
2023-12-26,57.02,57.845,56.74,57.505,56128.0,54.72325000000001,54.9095813882652,1.2337341719144774,68.40442327986712,3.105000000000004,57.66768324007574,51.778816759924275,1.6828857142857143,120222.4,674427.0,56.93,55.26,54.4
2023-12-27,57.67,57.96,57.525,57.67,68144.0,55.003750000000004,55.17247839890661,1.3004356566517998,68.18663828689152,3.8599999999999994,57.948784849226335,52.05871515077367,1.6403857142857146,120376.75,742571.0,57.505,56.06,53.81
2023-12-28,57.71,58.6,57.71,58.41,78144.0,55.30775,55.48081378948694,1.3968972846603407,69.35648611123689,4.229999999999997,58.344476899666404,52.27102310033359,1.5668142857142864,121162.75,820715.0,57.67,54.85,54.18
2023-12-29,58.31,58.31,56.55,56.76,93463.0,55.510749999999994,55.60264104763104,1.3249466855791354,59.24627512450062,0.5499999999999972,58.34986082262695,52.67163917737304,1.6309642857142868,120438.15,727252.0,58.41,56.67,56.21
2024-01-02,56.34,57.36,56.17,56.71,138256.0,55.65475,55.70810380499951,1.2494877010303753,60.30330054913059,1.1199999999999974,58.42626578325683,52.88323421674317,1.6162857142857148,119216.0,588996.0,56.76,56.93,55.59
2024-01-03,56.49,56.49,53.875,54.03,136651.0,55.62825,55.548284394999556,0.9623632796037924,50.82706761567075,-1.2299999999999969,58.45345474339558,52.80304525660442,1.6334285714285721,121963.85,452345.0,56.71,57.505,55.26
2024-01-04,54.25,54.795,53.57,54.22,101103.0,55.63875,55.42178111928531,0.7415963608326592,50.152438970873916,-1.8400000000000034,58.44009154891613,52.837408451083874,1.5930714285714294,122196.1,553448.0,54.03,57.67,56.06
2024-01-05,53.69,54.45,52.88,54.0,87091.0,55.62675,55.286373393639096,0.5426315307082916,40.22988500767299,-0.8500000000000014,58.45524462472618,52.798255375273826,1.5230714285714295,120901.9,466357.0,54.22,58.41,54.85
2024-01-08,54.34,56.02,54.025,55.88,76934.0,55.68974999999999,55.34290926091156,0.5305215892385746,51.15354011804697,-0.7899999999999991,58.4796952456426,52.899804754357376,1.499857142857144,115439.8,543291.0,54.0,56.76,56.67
2024-01-09,55.06,56.21,55.06,55.19,58824.0,55.716750000000005,55.32834647415808,0.4599497219630777,49.72931162442301,-1.740000000000002,58.47459483934364,52.95890516065637,1.4962857142857153,109960.85,484467.0,55.88,56.71,56.93
2024-01-10,55.17,56.02,54.89,56.02,67681.0,55.79774999999999,55.394218238523976,0.46562245533196034,49.84567895850004,-1.4849999999999994,58.48706702345245,53.10843297654754,1.4570000000000012,105346.7,552148.0,55.19,54.03,57.505
2024-01-11,55.71,56.36,54.61,55.26,92995.0,55.87025,55.38143554914074,0.4041381776777513,51.63868899097188,-2.4100000000000037,58.40783790358494,53.332662096415056,1.4950000000000014,104014.5,459153.0,56.02,54.22,57.67
2024-01-12,55.82,56.315,54.78,55.69,108206.0,55.94575,55.410822639698765,0.3856608744183063,45.59352512245418,-2.719999999999999,58.358368745373134,53.53313125462686,1.4828571428571438,100272.7,567359.0,55.26,54.0,58.41
2024-01-16,55.68,56.9699,55.04,56.54,121181.0,55.96225,55.518363340679834,0.43459141475636187,48.334756560487904,-0.21999999999999886,58.38696154008701,53.53753845991299,1.4485642857142866,99839.0,688540.0,55.69,55.88,56.76
2024-01-17,56.06,56.93,56.06,56.91,71056.0,56.02825,55.65090016537699,0.49748860979116927,47.41416769545427,0.19999999999999574,58.48198458651341,53.57451541348659,1.4317785714285722,86268.8,759596.0,56.54,55.19,56.71
2024-01-18,57.08,58.01,56.85,58.01,78306.0,56.16575,55.87557634010299,0.628842220811876,51.36655942772251,3.979999999999997,58.743299376728444,53.58820062327156,1.4835642857142861,86678.1,837902.0,56.91,56.02,54.03
2024-01-19,58.26,58.41,56.86,57.65,64191.0,56.24525,56.04456906961699,0.6958716346501177,46.849087839478685,3.4299999999999997,58.90581083323947,53.584689166760526,1.530707142857143,85733.65,773711.0,58.01,55.26,54.22
2024-01-22,57.9,59.08,56.7556,58.87,88084.0,56.44625,56.31365772965347,0.837774834457349,59.07136708280316,4.869999999999997,59.26565059885812,53.626849401141875,1.5710214285714283,85634.1,861795.0,57.65,55.69,54.0
2024-01-23,59.6,59.6,57.79,58.58,79941.0,56.54175,56.52949985063886,0.9162722047612633,57.877000774197285,2.6999999999999957,59.51808698396279,53.56541301603721,1.6153071428571428,86148.15,781854.0,58.87,56.54,55.88
2024-01-24,59.38,59.38,57.42,57.46,88575.0,56.56825,56.61811891248278,0.87798978877818,66.63433550602514,2.270000000000003,59.56848380667845,53.56801619332155,1.5685214285714284,87747.7,693279.0,58.58,56.91,55.19
2024-01-25,58.45,58.45,56.93,57.48,59342.0,56.56699999999999,56.70020282557966,0.8395862009024384,66.07495059910755,1.4599999999999937,59.56561090647327,53.56838909352672,1.5895928571428573,87908.4,752621.0,57.46,58.01,56.02
2024-01-26,57.92,57.92,56.5,56.62,59952.0,56.5145,56.69256446123874,0.7313282430360886,62.152133499987926,1.3599999999999994,59.46823073640055,53.56076926359945,1.5788785714285716,87498.8,692669.0,57.48,57.65,55.26
2024-01-29,56.56,58.25,56.04,58.22,66784.0,56.504999999999995,56.838034512549335,0.7658079139299119,61.14285706133331,2.530000000000001,59.43418167124494,53.57581832875505,1.5942357142857142,86930.8,759453.0,56.62,58.87,55.69
2024-01-30,57.85,58.27,57.52,58.2,50352.0,56.577,56.96774551135416,0.7824992986541304,65.31027457636384,1.6600000000000037,59.6018034298898,53.5521965701102,1.5656642857142857,84775.25,709101.0,58.22,58.58,56.54
2024-01-31,58.43,59.33,56.61,58.04,115676.0,56.643499999999996,57.06986498646329,0.7738959851596832,61.026200780090946,1.1300000000000026,59.73828525740851,53.54871474259148,1.679235714285714,83646.25,593425.0,58.2,57.46,56.91
2024-02-01,58.21,58.83,57.31,58.79,82773.0,56.881499999999996,57.23368736870488,0.818163732227184,69.28961738032191,0.7800000000000011,59.85995791961994,53.903042080380054,1.6628071428571423,80952.35,676198.0,58.04,57.48,58.01
2024-02-02,58.03,59.01,57.55,58.7,71018.0,57.10549999999999,57.373336190732985,0.8363432676579734,67.08286027932354,1.0500000000000043,59.90993614747465,54.30106385252533,1.6574499999999996,79448.1,605180.0,58.79,56.62,57.65
2024-02-05,58.02,58.69,57.6,58.06,74443.0,57.308499999999995,57.43873274399651,0.7900024198465374,58.83720920654411,-0.8099999999999952,59.7277584770848,54.88924152291519,1.597457142857142,78815.7,530737.0,58.7,58.22,58.87
2024-02-06,57.92,60.36,57.6,60.25,114319.0,57.527,57.70647248266351,0.9193900519858715,66.02687131243994,1.6700000000000017,60.18100670288277,54.87299329711723,1.732457142857142,80684.95,645056.0,58.06,58.2,58.58
2024-02-07,60.19,60.19,58.41,59.275,65494.0,57.73125,57.855856055743175,0.9325083159843075,56.143759030013356,1.8149999999999977,60.253462635553674,55.20903736444633,1.7767428571428567,81018.45,579562.0,60.25,58.04,57.46
2024-02-08,59.35,61.75,58.81,61.2,132528.0,57.99025,58.17434595519621,1.085717947047037,64.96627311049514,3.720000000000006,60.81791869755937,55.162581302440636,1.8760285714285712,84260.8,712090.0,59.275,58.79,57.48
2024-02-09,61.84,62.0,61.0,61.48,77080.0,58.30125,58.489170149939426,1.215716911211743,61.950549371125675,4.859999999999999,61.230927321912,55.37157267808801,1.7814285714285714,83465.05,789170.0,61.2,58.7,56.62
2024-02-12,61.48,63.45,61.345,62.22,121938.0,58.627750000000006,58.844487278516624,1.3627440724225508,66.00703597853138,4.0,61.779198246859,55.47630175314101,1.8025,84151.65,911108.0,61.48,58.06,58.22
2024-02-13,60.94,61.2696,58.66,58.96,118116.0,58.748749999999994,58.85548849008647,1.2023528514382846,55.55144331771131,0.759999999999998,61.74468035369809,55.7528196463019,1.8489,83998.4,792992.0,62.22,60.25,58.2
2024-02-14,59.68,60.6,59.04,60.57,88635.0,58.93175,59.01877530055443,1.191419655631897,60.231788023626166,2.530000000000001,61.90178504320972,55.96171495679028,1.8517571428571427,84877.35,881627.0,58.96,59.275,58.04
2024-02-15,61.23,62.36,60.85,62.08,132819.0,59.13525,59.310320510025434,1.2897307804317961,67.33333327348149,3.289999999999999,62.38401895713454,55.886481042865455,1.8581857142857139,87603.0,1014446.0,60.57,61.2,58.79
2024-02-16,61.95,63.45,61.89,62.55,103772.0,59.380250000000004,59.61886141383253,1.3895498274748945,64.80848147008764,3.8499999999999943,62.88627260028129,55.87422739971872,1.8117571428571426,89582.05,1118218.0,62.08,61.48,58.7
2024-02-20,61.82,62.815,61.785,62.49,110926.0,59.561249999999994,59.89230318394372,1.4471339946154984,64.63165068861917,4.43,63.32095026100891,55.80154973899108,1.8317571428571426,90724.15,1007292.0,62.55,62.22,58.06
2024-02-21,62.24,62.6374,61.73,62.29,82850.0,59.74675,60.120655261663366,1.459803937726626,64.45578225153872,2.039999999999999,63.66534034132898,55.82815965867102,1.7022857142857144,90869.6,924442.0,62.49,58.96,60.25
2024-02-22,62.83,62.95,60.39,60.68,114979.0,59.90775,60.173926189123996,1.3246625872086213,56.07326473103949,1.4050000000000011,63.69307411877892,56.12242588122108,1.7765714285714291,92189.8,809463.0,62.29,60.57,59.275
2024-02-23,60.61,62.36,59.87,62.19,85226.0,60.14325,60.365933218731236,1.3241416444424203,60.27679618116164,0.9899999999999949,63.87833863419089,56.408161365809114,1.8501428571428578,93484.0,894689.0,60.68,62.08,61.2
2024-02-26,61.87,62.88,61.09,61.68,150794.0,60.39625000000001,60.491082435994926,1.2679600775768805,60.741839712143275,0.20000000000000284,63.79701906936603,56.99548093063399,1.900142857142858,98026.1,743895.0,62.19,62.55,61.48
2024-02-27,61.83,63.05,61.1995,62.11,149858.0,60.59075,60.64526506113827,1.2437952485562604,56.163021816681095,-0.10999999999999943,63.91147007885398,57.27002992114602,1.8351785714285722,102179.8,893753.0,61.68,62.49,62.22
2024-02-28,65.0,74.64,64.99,71.06,535752.0,61.23375,61.6371445791251,1.9246441133949972,75.54736609331616,12.100000000000001,66.8156690012791,55.6518309987209,2.3973214285714297,126449.8,1429505.0,62.11,62.29,58.96
2024-02-29,71.19,71.96,67.5,70.0,386817.0,61.83175,62.433607000160805,2.3515814602286724,69.8198197757893,9.43,68.44106820275448,55.22243179724552,2.505892857142858,140006.85,1042688.0,71.06,60.68,60.57
2024-03-01,70.0,70.0,66.64,67.56,263737.0,62.27025000000001,62.92183490490739,2.46463498508723,62.47947451253234,5.480000000000004,69.18643428036722,55.3540657196328,2.6744642857142864,149055.05,778951.0,70.0,62.19,62.08
2024-03-04,67.56,68.96,67.5301,67.92,146739.0,62.73125,63.39785062824954,2.55384045685917,61.88490405060933,5.3700000000000045,69.87094177795575,55.59155822204425,2.6262428571428567,152841.1,925690.0,67.56,61.68,62.55
2024-03-05,67.24,68.18,65.88,67.43,224001.0,63.19975000000001,63.78186485413054,2.5555390202242805,69.96699665348716,4.940000000000005,70.27825748095199,56.12124251904803,2.604128571428572,160319.0,701689.0,67.92,62.11,62.49
2024-03-06,67.53,67.95,66.15,67.75,156793.0,63.57475000000001,64.15978248707049,2.5532737909281664,68.02208830560699,5.460000000000001,70.78864410498194,56.36085589501808,2.6212714285714287,162442.7,858482.0,67.43,71.06,62.29
2024-03-07,68.44,69.175,67.77,68.64,93620.0,64.043,64.58646986925424,2.593398760131109,66.99481860425249,7.960000000000001,71.29740004411104,56.78859995588897,2.613771428571429,163849.0,952102.0,67.75,70.0,60.68
2024-03-08,68.64,69.63,67.2,67.2,104573.0,64.34299999999999,64.83537750075384,2.480409896991212,61.470152892916545,5.010000000000005,71.59861880272967,57.08738119727031,2.6759142857142852,162451.25,847529.0,68.64,67.56,62.19
2024-03-11,67.0,67.01,64.52,64.78,153475.0,64.508,64.83010345306299,2.1705712738518983,55.05965529072756,3.1000000000000014,71.6384937453608,57.37750625463918,2.7802000000000002,166271.0,694054.0,67.2,67.92,61.68
2024-03-12,65.04,66.29,64.54,66.21,110995.0,64.7075,64.9615221718189,2.0171580827335305,58.21458504547343,4.099999999999994,71.79157517271165,57.62342482728834,2.840385714285714,165723.85,805049.0,64.78,67.43,62.11
2024-03-13,66.17,66.76,65.755,66.61,96330.0,65.09,65.1185200602171,1.9058837413170266,63.09050768727298,-4.450000000000003,71.67601708566184,58.50398291433817,2.729314285714286,164634.55,901379.0,66.21,67.75,71.06
2024-03-14,66.73,67.8729,65.945,67.5,162100.0,65.4365,65.34532767352975,1.8679804748248046,62.051747577452375,-2.5,71.74456759967767,59.128432400322325,2.689164285714287,168307.8,1063479.0,66.61,68.64,70.0
2024-03-15,66.77,67.6937,66.125,66.84,218913.0,65.6745,65.48767741890786,1.764347204552493,61.632100952982455,-0.7199999999999989,71.80606621186823,59.542933788131755,2.6733571428571445,172612.5,844566.0,67.5,67.2,67.56
2024-03-18,66.99,67.71,66.53,66.7,67815.0,65.882,65.6031367123452,1.6518784550687258,60.48423934002837,-1.2199999999999989,71.8469770811752,59.91702291882482,2.625464285714287,170814.65,776751.0,66.84,64.78,67.92
2024-03-19,66.24,67.41,66.24,67.07,89862.0,66.111,65.74283797783613,1.5744526917089559,35.01126968518719,-0.36000000000001364,71.87598285933436,60.34601714066565,2.019750000000001,169761.45,866613.0,66.7,66.21,67.43
2024-03-20,67.14,67.37,65.705,67.06,109959.0,66.3495,65.86828197994697,1.4950512769031121,38.0097878848175,-0.6899999999999977,71.83688831561187,60.86211168438815,1.8201071428571447,171116.9,756654.0,67.07,66.61,67.75
2024-03-21,67.63,68.14,67.14,67.34,71597.0,66.6825,66.00844560090441,1.4381407087236227,48.91089102131164,-1.2999999999999972,71.48708936303262,61.87791063696739,1.651535714285716,168947.8,828251.0,67.06,67.5,68.64
2024-03-22,67.62,67.8,66.19,66.44,73688.0,66.89500000000001,66.0495460198659,1.305368832425657,43.04511272531655,-0.7600000000000051,71.21441760206748,62.57558239793254,1.6644000000000025,168370.9,754563.0,67.34,66.84,67.2
2024-03-25,66.9,67.664,65.19,65.38,75891.0,67.08,65.98577973225963,1.1019110079497807,40.856378182694904,0.5999999999999943,70.72293115065584,63.437068849344165,1.6768285714285736,164625.75,678672.0,66.44,66.7,64.78
2024-03-26,66.0,66.7,65.42,65.9,107696.0,67.26950000000001,65.97761023394919,0.9714307617611269,41.89307619750195,-0.30999999999998806,70.13527976896484,64.40372023103518,1.6396857142857166,162517.65,786368.0,65.38,67.07,66.21
2024-03-27,66.57,67.27,66.07,67.2,87472.0,67.0765,66.09402830690641,0.9618357794162762,43.90862938961753,0.5900000000000034,69.31972394874165,64.83327605125834,1.6250428571428597,140103.65,873840.0,65.9,67.06,66.61
2024-03-28,67.36,67.8099,66.15,66.36,100577.0,66.89450000000001,66.1193589443439,0.876348784077507,46.256684434260805,-1.1400000000000006,68.68372476596865,65.10527523403137,1.5700357142857169,125791.65,773263.0,67.2,67.34,67.5
2024-04-01,66.32,67.42,65.2,65.99,68877.0,66.816,66.10703904488258,0.769869275586629,56.59760078600144,-0.8500000000000085,68.61998856338941,65.01201143661059,1.5507500000000018,116048.65,704386.0,66.36,66.44,66.84
2024-04-02,65.19,65.19,63.74,64.03,122322.0,66.6215,65.90922580251281,0.5213186066142583,38.762886541991755,-2.6700000000000017,68.73634253488673,64.50665746511326,1.52932142857143,114827.8,582064.0,65.99,65.38,66.7
2024-04-03,63.68,64.64,63.59,63.78,97961.0,66.439,65.70644239274968,0.3007012245653016,35.183246021720905,-3.289999999999992,68.86686369165588,64.0111363083441,1.5325357142857148,108525.8,484103.0,64.03,65.9,67.07
2024-04-04,64.2,64.58,63.47,63.77,79733.0,66.24,65.5220193077259,0.12362833516704086,28.489042629890818,-3.289999999999999,68.86023703226655,63.61976296773344,1.4741142857142857,104672.8,404370.0,63.78,67.2,67.06
2024-04-05,63.27,64.64,63.16,64.33,125863.0,66.02449999999999,65.40849365937105,0.02815947348196346,35.35589259101717,-3.010000000000005,68.51959392292324,63.52940607707674,1.4677785714285712,106284.95,530233.0,63.77,66.36,67.34
2024-04-08,64.45,65.33,63.75,65.2,75265.0,65.9245,65.38863712038332,0.022442683486403325,41.93548380783905,-1.2399999999999949,68.38124560086436,63.46775439913562,1.49635,104819.55,605498.0,64.33,65.99,66.44
2024-04-09,65.52,67.259,65.325,66.96,98517.0,66.0335,65.53829072796586,0.15810672061414266,49.485500402918895,1.5799999999999983,68.46979809773981,63.597201902260196,1.5509214285714283,102071.65,704015.0,65.2,64.03,65.38
2024-04-10,65.9,67.19,65.9,67.07,182540.0,66.0765,65.68416780149292,0.27136934430367887,50.04633913803066,1.1699999999999875,68.55589105427077,63.59710894572922,1.524135714285713,105648.9,886555.0,66.96,63.78,65.9
2024-04-11,66.97,66.985,65.19,65.66,103959.0,66.029,65.68186610611264,0.24453677397531237,42.95302008377998,-1.5400000000000063,68.50174745981023,63.55625254018976,1.5809214285714275,106030.35,782596.0,67.07,63.77,67.2
2024-04-12,65.0,65.46,63.77,64.65,99549.0,65.8865,65.58359314362572,0.14015760579216874,42.56026595213272,-1.7099999999999937,68.33063174767607,63.44236825232394,1.5866357142857126,102902.8,683047.0,65.66,64.33,66.36
2024-04-15,65.1,65.1,63.965,64.45,80610.0,65.767,65.47563189185185,0.040827410341250925,45.8370635056653,-1.539999999999992,68.24826538176289,63.2857346182371,1.4909928571428546,95987.65,602437.0,64.65,65.2,65.99
2024-04-16,64.04,64.44,63.3,64.12,54234.0,65.638,65.34652409262786,-0.06378543514601631,41.89435331634597,0.09000000000000341,68.18248919493797,63.09351080506204,1.4809928571428546,95308.6,548203.0,64.45,66.96,64.03
2024-04-17,64.2,64.2,63.04,63.04,59280.0,65.4365,65.1268551314252,-0.23117397375446558,30.669144941508506,-0.740000000000002,68.13700502099502,62.73599497900497,1.4781357142857117,93779.5,488923.0,64.12,67.07,63.78
2024-04-18,63.04,63.49,62.505,62.62,85261.0,65.21450000000002,64.88810702367041,-0.39318863768329493,31.91489357380958,-1.1500000000000057,68.07812651931144,62.350873480688584,1.4299285714285692,92544.6,403662.0,63.04,65.66,63.77
2024-04-19,62.39,63.78,62.39,63.26,163060.0,65.01050000000001,64.73304921189228,-0.4645883088583531,37.13477846183911,-1.0700000000000003,67.81732232764134,62.20367767235867,1.370642857142855,97117.75,566722.0,62.62,64.65,64.33
2024-04-22,63.24,63.51,62.4,62.77,107715.0,64.827,64.54609214409301,-0.5543220731487963,43.107220940535974,-2.4299999999999997,67.71889866605582,61.93510133394417,1.346357142857141,98819.1,459007.0,63.26,64.45,65.2
2024-04-23,62.77,64.415,62.77,64.23,69725.0,64.76950000000001,64.51598813036986,-0.5018420449632828,52.17391297290487,-2.7299999999999898,67.66083351132015,61.87816648867986,1.3888571428571415,98510.8,528732.0,62.77,64.12,66.96
2024-04-24,63.72,64.67,63.12,64.03,74171.0,64.676,64.46970354652511,-0.47096062707583997,51.233396516388275,-3.039999999999992,67.53415840598154,61.81784159401846,1.4202857142857133,96834.55,454561.0,64.23,63.04,67.07
2024-04-25,63.5,63.5,62.495,62.99,71584.0,64.4655,64.328779399237,-0.5243616507415751,43.92014513476571,-2.6699999999999946,67.15618158064457,61.77481841935545,1.3863571428571417,96040.15,382977.0,64.03,62.62,65.66
2024-04-26,65.34,67.01,64.27,65.46,117291.0,64.42049999999999,64.43651469454777,-0.363187442255807,51.03011087841347,0.8099999999999881,67.00581459960799,61.83518540039199,1.4692142857142854,96875.85,500268.0,62.99,63.26,64.65
2024-04-29,65.73,66.83,65.73,66.24,141141.0,64.43299999999999,64.60827519982894,-0.17055025780950928,46.90721643842775,1.789999999999992,67.05245836104757,61.81354163895242,1.4096428571428565,100489.05,641409.0,65.46,62.77,64.45
2024-04-30,65.78,66.2,64.44,64.8,154357.0,64.4715,64.62653470460714,-0.13255186564747135,41.249036192946306,0.6799999999999926,67.0886521283939,61.8543478716061,1.443214285714286,102090.8,487052.0,66.24,64.23,64.12
2024-05-01,64.8,67.57,64.8,66.78,174237.0,64.6215,64.8316266375017,0.05667820217887254,54.13589359247398,3.740000000000002,67.410050085429,61.83294991457099,1.512857142857143,105904.6,661289.0,64.8,64.03,63.04
2024-05-02,66.78,67.56,65.16,66.77,176662.0,64.7715,65.0162336244063,0.20349175135234532,58.452950492955196,4.149999999999999,67.68705014218202,61.85594985781798,1.5635714285714297,110751.05,484627.0,66.78,62.99,62.62
2024-05-03,72.0,74.45,69.82,74.22,329984.0,65.26599999999999,65.89278280303427,0.9104995058705896,74.68418387844473,10.96,70.38697194721946,60.14502805278052,1.813214285714288,120957.1,814611.0,66.77,65.46,63.26
2024-05-06,74.12,76.24,74.12,75.0,523407.0,65.756,66.76013682179291,1.5162691080384434,76.87747030255508,12.229999999999997,72.47612029967495,59.03587970032506,1.8832142857142873,143364.2,1338018.0,74.22,66.24,62.77
2024-05-07,75.32,76.19,74.21,75.9,253869.0,66.203,67.63059998162215,2.0453903611537783,82.05383842728048,11.670000000000002,74.307125265307,58.09887473469301,1.941785714285716,151131.8,1591887.0,75.0,64.8,64.23
2024-05-08,75.29,75.78,74.385,75.0,109442.0,66.5995,68.33244760242005,2.364839894659738,80.13631932220503,10.969999999999999,75.60775697258954,57.59124302741048,1.97107142857143,147476.9,1482445.0,75.9,66.78,64.03
2024-05-09,74.7,76.14,74.3001,76.0,127948.0,67.1165,69.06269068790385,2.667943194168373,80.4784688456125,13.009999999999998,77.03827037470722,57.19472962529277,2.003207142857144,148676.35,1610393.0,75.0,66.77,62.99
2024-05-10,75.64,76.19,73.01,76.13,86101.0,67.6905,69.73576776524634,2.8853837463224465,82.52190841502885,10.670000000000002,78.31487411159615,57.06612588840385,2.1510642857142868,148003.95,1696494.0,76.0,74.22,65.46
2024-05-13,76.24,76.59,75.63,76.21,154350.0,68.27850000000001,70.35236131141335,3.0292430520437534,81.26304795732341,9.969999999999999,79.43606486354469,57.12093513645534,2.1021357142857156,151690.95,1850844.0,76.13,75.0,66.24
2024-05-14,76.6,78.14,76.32,78.04,165089.0,68.9745,71.08451737699303,3.2534149360736677,83.69408363772402,13.240000000000009,80.75886872792876,57.190131272071255,2.12142142857143,157233.7,2015933.0,76.21,75.9,64.8
2024-05-15,78.7,79.193,77.71,78.07,108370.0,69.726,71.74980143632703,3.394365386222873,88.11931237443522,11.289999999999992,81.82953302052513,57.622466979474865,2.1555642857142874,159688.2,2124303.0,78.04,75.0,66.78
2024-05-16,77.73,78.4992,77.27,77.68,83170.0,70.479,72.31458225191494,3.4350033149265897,84.51977394444766,10.91000000000001,82.59496927938255,58.363030720617445,2.0476500000000013,159583.65,2041133.0,78.07,76.0,66.77
2024-05-17,78.01,78.59,75.0149,78.45,77077.0,71.2385,72.89890775173257,3.489121306843984,84.51102311005349,4.230000000000004,83.35347946215407,59.123520537845934,2.224442857142859,155284.5,2118210.0,77.68,76.13,74.22
2024-05-20,78.12,79.4117,77.94,79.39,89777.0,72.06949999999999,73.51710701347233,3.566745125521976,92.43746356636858,4.390000000000001,84.01755154782431,60.12144845217568,2.203850000000002,154387.6,2207987.0,78.45,76.21,75.0
2024-05-21,79.28,79.525,78.54,78.75,47262.0,72.79549999999999,74.01547777409401,3.5358607116045278,87.76025228841367,2.8499999999999943,84.49993456220955,61.09106543779044,2.076350000000002,153264.45,2160725.0,79.39,78.04,75.9
2024-05-22,78.75,80.18,78.75,80.02,89918.0,73.595,74.5873370337041,3.5726793465321407,88.72004668368906,5.019999999999996,84.95787491420114,62.232125085798856,2.007064285714288,154051.8,2250643.0,78.75,78.07,75.0
2024-05-23,80.0,81.6834,79.09,79.58,119972.0,74.4245,75.0628287447799,3.5257118474303724,76.53465335925894,3.5799999999999983,84.91648887372205,63.932511126277944,1.8615928571428586,156471.2,2130671.0,80.02,77.68,76.0
2024-05-24,80.03,80.42,79.4,79.75,61364.0,75.13900000000001,75.50922600718182,3.462296149342876,75.02634340881261,3.6200000000000045,84.9870794814865,65.29092051851352,1.7830214285714305,153674.85,2192035.0,79.58,78.45,76.13
2024-05-28,79.88,80.44,79.2377,80.17,95305.0,75.8355,75.95310924459308,3.406659390691374,73.69589333720953,3.960000000000008,84.97873097332499,66.692269026675,1.7274714285714299,151383.05,2287340.0,79.75,79.39,76.21
2024-05-29,79.36,80.07,78.63,78.64,68911.0,76.5275,76.20900360225089,3.2021957319112744,68.87966794975988,0.5999999999999943,84.11695771587421,68.9380422841258,1.7306857142857157,147110.75,2218429.0,80.17,78.75,78.04
2024-05-30,79.0,79.755,78.61,78.77,75368.0,77.127,76.45290802108414,3.0158815173406737,65.7924742393279,0.7000000000000028,83.22145684294472,71.03254315705527,1.681050000000001,142167.3,2293797.0,78.64,80.02,78.07
2024-05-31,79.91,80.12,78.65,78.88,146958.0,77.73249999999999,76.68405963812374,2.8443147502279658,65.7142856091429,1.1999999999999886,81.42885311026672,74.03614688973326,1.5589071428571444,140682.1,2440755.0,78.77,79.58,77.68
2024-06-03,79.8,79.81,78.0301,78.55,126463.0,77.949,76.86176824401672,2.651157714182588,62.99999990200006,0.09999999999999432,81.26697592072564,74.63102407927435,1.6174714285714293,130506.05,2314292.0,78.88,79.75,78.45
2024-06-04,78.22,78.705,77.0,77.42,131631.0,78.07,76.91493317315798,2.379468783444736,46.26506016292635,-1.9699999999999989,81.09908706065728,75.0409129393427,1.609257142857143,110917.25,2182661.0,78.55,80.17,79.39
2024-06-05,77.79,80.46,76.5546,80.43,151583.0,78.29650000000001,77.24970144238102,2.3796045844132294,60.460992832761264,1.6800000000000068,81.31983573182951,75.2731642681705,1.7822857142857143,105802.95,2334244.0,77.42,78.64,78.75
2024-06-06,80.01,80.1,77.37,77.79,142817.0,78.436,77.30115844786854,2.1419946958623513,50.40650401288315,-2.2299999999999898,81.04844309935298,75.82355690064703,1.889485714285713,107471.7,2191427.0,80.43,78.77,80.02
2024-06-07,77.32,78.195,76.7501,77.48,89248.0,78.51,77.31819097664297,1.9066935622242198,46.28921188614775,-2.0999999999999943,80.90685759188526,76.11314240811475,1.737328571428569,105536.7,2102179.0,77.79,78.88,79.58
2024-06-10,76.58,77.96,76.53,77.65,128528.0,78.586,77.3497918360103,1.7141733738104108,42.926829219432896,-2.0999999999999943,80.75021032152097,76.42178967847903,1.7343499999999972,107658.05,2230707.0,77.48,78.55,79.75
2024-06-11,76.99,77.9,76.3,77.65,98427.0,78.65799999999999,77.3783830897236,1.5438037290260525,45.28301881355386,-2.519999999999996,80.5705689530023,76.74543104699768,1.7782785714285692,104861.9,2230707.0,77.65,77.42,80.17
2024-06-12,79.53,79.94,78.55,78.97,124629.0,78.7045,77.52996565260706,1.4980291761408182,45.5166523793994,0.3299999999999983,80.59894034229495,76.81005965770504,1.7754214285714258,102838.9,2355336.0,77.65,80.43,78.64
2024-06-13,78.6,79.46,78.035,79.05,115841.0,78.7535,77.67473082854924,1.4514761310955748,47.66519817909138,0.28000000000000114,80.62944495486208,76.87755504513792,1.6919642857142827,103212.45,2471177.0,78.97,77.79,78.77
2024-06-14,78.22,80.31,77.8,80.09,100490.0,78.874,77.90475646392551,1.4814248704630586,51.39116197058297,1.210000000000008,80.76911727174664,76.97888272825335,1.7983928571428547,104078.45,2571667.0,79.05,77.48,78.88
2024-06-17,80.17,81.48,79.22,81.38,127838.0,79.0205,78.23573203878975,1.590912628831859,54.62184868107669,2.8299999999999983,81.20804825510413,76.83295174489587,1.8739428571428556,106616.5,2699505.0,80.09,77.65,78.55
2024-06-18,81.68,83.805,80.66,83.59,180999.0,79.2305,78.74566232080977,1.8348598709999493,67.97385614004111,6.170000000000002,82.22496137850473,76.23603862149528,1.9957285714285706,111177.6,2880504.0,81.38,77.65,77.42
2024-06-20,83.55,84.1498,79.8861,80.59,142524.0,79.3225,78.9213135283517,1.7657603079016297,55.4687499533316,0.1599999999999966,82.36743971939097,76.27756028060904,2.2184928571428566,115940.7,2737980.0,83.59,78.97,80.43
2024-06-21,80.67,82.39,80.425,81.5,270700.0,79.3965,79.16690271612774,1.764092440512826,57.51146784374081,3.7099999999999937,82.581525985185,76.21147401481501,2.25385,124979.8,3008680.0,80.59,79.05,77.79
2024-06-24,81.74,82.3735,80.2,80.2,82362.0,79.4275,79.26529293363939,1.6389783868478673,54.48126014325164,2.719999999999999,82.63205514606916,76.22294485393083,2.281964285714286,123099.3,2926318.0,81.5,80.09,77.48
2024-06-25,80.38,82.1262,80.255,81.88,84926.0,79.53399999999999,79.51431265424516,1.656293831639843,61.761603329922856,4.22999999999999,82.92011654600748,76.1478834539925,2.293835714285715,124277.4,3011244.0,80.2,81.38,77.65
2024-06-26,81.65,82.5,81.2323,81.89,129352.0,79.62,79.7405685919361,1.651782640686605,54.57393478922084,4.239999999999995,83.15808750003197,76.08191249996804,2.1054285714285723,125979.75,3140596.0,81.88,83.59,77.65
2024-06-27,82.09,82.48,81.08,82.28,107650.0,79.80199999999999,79.9824192022279,1.6605356087825243,66.37490875789578,3.3100000000000023,83.4987559035611,76.10524409643888,2.0104285714285735,127916.7,3248246.0,81.89,80.59,78.97
2024-06-28,83.0,83.0,81.64,82.28,410783.0,79.97749999999999,80.20123642106334,1.6484698645677582,67.91044769024282,3.230000000000004,83.79912751221161,76.15587248778837,2.0043642857142885,144687.45,3248246.0,82.28,81.5,79.05
2024-07-01,82.58,82.74,79.62,80.56,175641.0,80.0615,80.23540438096207,1.483022688781304,59.732441415635165,0.46999999999999886,83.85530811322705,76.26769188677294,2.125078571428574,146121.6,3072605.0,82.28,80.2,80.09
2024-07-02,80.33,81.86,79.9,81.19,84216.0,80.1935,80.32631824944187,1.3867546994829212,61.36071881520858,-0.18999999999999773,83.94939515575714,76.43760484424286,2.1507928571428585,144009.25,3156821.0,80.56,81.88,81.38
2024-07-03,81.75,81.8607,80.85,81.3,43141.0,80.3875,80.41904984473312,1.3043025174813607,58.10716765389698,-2.2900000000000063,83.9352605983416,76.8397394016584,2.1237000000000017,139584.75,3199962.0,81.19,81.89,83.59
2024-07-05,80.96,83.35,80.76,83.17,93461.0,80.5245,80.68104509761568,1.3740131713520327,62.74752469811478,2.5799999999999983,84.28444106896536,76.76455893103464,2.2069142857142867,136678.65,3293423.0,81.3,82.28,80.59
2024-07-08,83.65,83.805,82.2,82.86,100245.0,80.77799999999999,80.88856461212848,1.3882421661609925,58.97602068531015,1.3599999999999994,84.44415588148614,77.11184411851384,2.1422714285714295,134550.05,3193178.0,83.17,82.28,81.5
2024-07-09,82.93,83.8099,82.64,83.62,74848.0,81.08500000000001,81.1487013157353,1.4441965957169316,57.516778469447345,3.4200000000000017,84.61408218275211,77.5559178172479,2.064407142857143,133830.05,3268026.0,82.86,80.56,80.2
2024-07-10,84.19,84.19,82.79,83.43,127222.0,81.374,81.36596785709384,1.4564207602988972,49.37888193390496,1.5500000000000114,84.65674211437029,78.0912578856297,1.9397642857142847,133764.75,3140804.0,83.62,81.19,81.88
2024-07-11,84.84,85.35,83.71,85.03,127404.0,81.74300000000001,81.71492329927537,1.577036036603232,69.33797900951815,3.1400000000000006,84.9206462656281,78.56535373437193,1.7523571428571418,135213.6,3268208.0,83.43,81.3,81.89
2024-07-12,85.99,86.14,85.37,86.05,99470.0,82.09700000000001,82.12778774696343,1.734930785019202,69.62899042495204,3.769999999999996,85.54029157087975,78.65370842912027,1.6669999999999985,133955.65,3367678.0,85.03,83.17,82.28
2024-07-15,86.16,86.4,85.74,86.31,165194.0,82.46000000000001,82.52609367582406,1.859606946371457,78.95734586678647,4.030000000000001,86.07712302076587,78.84287697923415,1.5588928571428562,136423.3,3532872.0,86.05,82.86,82.28
2024-07-16,86.45,88.36,86.195,87.02,259631.0,82.8065,82.95408475431701,1.9927337740018203,76.82672222593173,6.459999999999994,86.77804232270516,78.83495767729484,1.5798785714285708,144380.35,3792503.0,86.31,83.62,80.56
2024-07-17,86.63,88.745,85.14,86.48,142747.0,83.0615,83.28988620628682,2.0312492798505133,72.70029663523208,5.290000000000006,87.29374850031358,78.8292514996864,1.7468285714285707,145125.8,3649756.0,87.02,83.43,81.19
2024-07-18,86.35,87.3499,84.54,85.31,157675.0,83.14750000000001,83.48227799616427,1.944943773009399,63.91184564786358,4.010000000000005,87.49334314392092,78.80165685607909,1.8475357142857132,143959.6,3492081.0,86.48,85.03,81.3
2024-07-19,85.77,86.7,85.52,86.2,100442.0,83.428,83.74110866319624,1.926158047774635,66.63837003964882,3.030000000000001,87.80289296109493,79.05310703890507,1.8346785714285707,141855.5,3592523.0,85.31,86.05,83.17
2024-07-22,86.66,88.86,86.205,88.38,116992.0,83.772,84.18290783812994,2.0633925012851932,81.94444435071716,5.519999999999996,88.57006803224907,78.97393196775094,1.8014642857142857,134170.1,3709515.0,86.2,86.31,82.86
2024-07-23,88.07,90.56,87.7,90.06,131465.0,84.265,84.74263090116519,2.2814150214394857,83.37095551789369,6.439999999999998,89.52198933250679,79.00801066749321,1.8657500000000005,136625.25,3840980.0,88.38,87.02,83.62
2024-07-24,89.94,91.76,89.44,90.34,164963.0,84.68800000000002,85.27571367248278,2.448567536911284,83.58098059657257,6.909999999999997,90.47199825289208,78.90400174710796,1.9592714285714297,140627.1,4005943.0,90.06,86.48,83.43
2024-07-25,90.68,90.68,86.0,86.24,264840.0,84.90549999999999,85.36755046557965,2.224558055076301,59.7833014125579,1.2099999999999937,90.57245490494863,79.23854509505135,2.108557142857145,147401.5,3741103.0,90.34,85.31,85.03
2024-07-26,86.84,87.55,84.94,85.83,138204.0,85.083,85.41159327838159,1.9909944092045464,59.404686457779256,-0.21999999999999886,90.62470066999057,79.54129933000942,2.180342857142859,148929.2,3602899.0,86.24,86.2,86.05
2024-07-29,86.28,88.59,86.28,87.36,174892.0,85.337,85.59715582329763,1.907364835585824,61.29227047958383,1.0499999999999972,90.80291774929789,79.87108225070212,2.261778571428574,137134.65,3777791.0,85.83,88.38,86.31
2024-07-30,87.58,88.16,84.6401,87.97,141684.0,85.70750000000001,85.82314098298356,1.8687677070341095,63.36866897013182,0.9500000000000028,90.80197120338211,80.61302879661791,2.4132000000000025,135436.8,3919475.0,87.36,90.06,87.02
2024-07-31,87.98,88.93,85.52,86.89,355967.0,85.9925,85.9247466036518,1.7310774474082251,55.65006070600846,0.4099999999999966,90.64111665897387,81.34388334102614,2.5396285714285747,149024.35,3563508.0,87.97,90.34,86.48
2024-08-01,86.53,87.5,83.881,86.25,216520.0,86.24000000000001,85.95572311758973,1.5524189540786892,50.62189050318991,0.9399999999999977,90.33022969371555,82.14977030628447,2.7431285714285747,157693.3,3346988.0,86.89,86.24,85.31
2024-08-02,90.5,90.5,84.399,85.01,348354.0,86.33200000000001,85.86565424924785,1.2958355881804806,46.18991789878906,-1.1899999999999977,90.20868116332632,82.4553188366737,3.131771428571431,170437.95,2998634.0,86.25,85.83,86.2
2024-08-05,81.75,82.05,78.7946,80.47,210979.0,86.2125,85.35178241598615,0.7178761357658345,34.32264238963538,-7.909999999999997,90.6470242431564,81.77797575684362,3.2096571428571443,175974.65,2787655.0,85.01,87.36,88.38
2024-08-06,80.47,83.29,80.305,81.89,177151.0,86.126,85.0220888525589,0.37015432948005866,39.45796965767516,-8.170000000000002,90.83259291229753,81.41940708770248,3.16537142857143,181089.8,2964806.0,80.47,87.97,90.06
2024-08-07,82.6,83.04,80.22,80.3,105033.0,85.9695,84.57236610469614,-0.03333317477104458,38.71113111572979,-10.040000000000006,91.22919971125877,80.70980028874122,3.1660928571428593,179980.35,2859773.0,81.89,86.89,90.34
2024-08-08,81.35,83.33,79.72,82.93,109938.0,85.86449999999999,84.41595028520128,-0.13927542847410734,43.167572059993915,-3.309999999999988,91.28456981893123,80.44443018106875,3.3396642857142873,179107.05,2969711.0,80.3,86.25,86.24
2024-08-09,83.28,83.96,82.71,83.76,163507.0,85.75,84.35347882946782,-0.15448060818283693,39.76970768127656,-2.069999999999993,91.24973779279138,80.25026220720862,3.239307142857144,182308.9,3133218.0,82.93,85.01,85.83
2024-08-12,83.53,83.53,81.67,82.1,92441.0,85.5395,84.13886179808993,-0.2970546877923965,32.35815600828839,-5.260000000000005,91.26656400394194,79.81243599605807,3.167878571428573,178671.25,3040777.0,83.76,80.47,87.36
2024-08-13,82.79,82.88,81.72,82.81,124737.0,85.32900000000001,84.01230353160518,-0.34873461132028183,33.623314464083265,-5.159999999999997,91.13586671558906,79.52213328441096,3.0850214285714292,171926.55,3165514.0,82.1,81.89,87.97
2024-08-14,82.99,82.99,81.72,82.05,88384.0,85.1075,83.82541748097611,-0.44587717686802364,39.338422363830155,-4.840000000000003,91.06549992932857,79.14950007067144,2.8414499999999996,169208.4,3077130.0,82.81,80.3,86.89
2024-08-15,83.0,84.295,82.12,83.59,92277.0,85.02149999999999,83.8029967685022,-0.3940558003726693,44.61020208736563,-2.6599999999999966,91.0167306482987,79.02626935170127,2.810378571428571,165938.5,3169407.0,82.05,82.93,86.25
2024-08-16,83.59,84.99,83.3,84.75,102415.0,84.949,83.89318755245436,-0.25642872995919674,43.60607542329815,-0.2600000000000051,90.91924164193898,78.97875835806101,2.7660928571428562,166037.15,3271822.0,83.59,83.76,85.01
2024-08-19,84.66,85.57,84.595,85.53,78957.0,84.8065,84.04907445222062,-0.08345676622917608,44.07191445009686,5.060000000000002,90.56419791350176,79.04880208649824,2.584314285714285,164135.4,3350779.0,84.75,82.1,80.47
2024-08-20,86.34,86.34,85.175,85.36,66704.0,84.5715,84.17392450439009,0.039452399278474104,46.11082864028716,3.469999999999999,89.78424258554386,79.35875741445614,2.423957142857142,160897.35,3284075.0,85.53,82.81,81.89
2024-08-21,86.14,86.83,84.653,86.51,82853.0,84.38000000000001,84.39640788492437,0.22703704571556216,50.6442021452419,6.210000000000008,88.94114020832345,79.81885979167657,2.3209571428571416,156791.85,3366928.0,85.36,82.05,80.3
2024-08-22,86.98,87.32,85.5975,86.17,78018.0,84.37650000000001,84.56532141969348,0.3442952496807834,53.00829871669521,3.239999999999995,88.93173423627735,79.82126576372266,2.0082071428571413,147450.75,3288910.0,86.51,83.59,82.93
2024-08-23,86.81,91.78,86.81,91.67,152175.0,84.6685,85.24195747496077,0.8709870588499342,77.66798413600034,7.909999999999997,90.24930271532268,79.0876972846773,2.1306785714285703,148149.3,3441085.0,86.17,84.75,83.76
2024-08-26,91.98,92.9,89.5325,90.76,111079.0,84.8385,85.76748533448831,1.201118965676784,72.47845914775979,8.66000000000001,90.94672835887748,78.73027164112251,2.157999999999999,144958.65,3330006.0,91.67,85.53,82.1
2024-08-27,88.38,90.65,88.38,89.86,76805.0,84.933,86.15724863596562,1.374286482839537,75.10504196158237,7.049999999999997,91.2982877720522,78.56771222794781,2.1187142857142853,141714.7,3253201.0,90.76,85.36,82.81
2024-08-28,90.18,90.32,88.83,89.04,71407.0,85.0405,86.43179638492127,1.4288845492112472,67.73070220846022,6.990000000000009,91.614158678471,78.46684132152899,1.9672857142857134,127486.7,3181794.0,89.86,86.51,82.05
2024-08-29,89.83,90.14,88.39,88.62,68953.0,85.15899999999999,86.64019672921448,1.421872953937978,64.4470867477848,5.030000000000001,91.90757926568604,78.41042073431394,2.0029999999999992,120108.35,3112841.0,89.04,86.17,83.59
2024-08-30,88.91,90.715,88.91,90.29,113576.0,85.423,86.98779704071787,1.5333952316266277,74.33155074030648,5.540000000000006,92.54955257322443,78.29644742677557,1.9990714285714282,108369.45,3226417.0,88.62,91.67,84.75
2024-09-03,90.22,90.24,86.96,87.48,109882.0,85.7735,87.03467351303046,1.3791361018857913,62.33491807328637,1.9500000000000028,92.55557940477075,78.99142059522924,2.1505,103314.6,3116535.0,90.29,90.76,85.53
2024-09-04,87.5,88.94,87.04,88.5,57251.0,86.10400000000001,87.17422841655136,1.3239286799647942,66.80562788247636,3.1400000000000006,92.73171660290369,79.47628339709634,2.1954999999999996,97319.6,3173786.0,87.48,89.86,85.36
2024-09-05,88.3,88.51,87.38,88.09,61011.0,86.49350000000001,87.26144475783218,1.2328809427985163,62.45847171237992,1.5799999999999983,92.57842624182126,80.40857375817876,2.1208571428571434,95118.5,3112775.0,88.5,89.04,86.51
2024-09-06,88.38,89.5,86.0955,88.06,60404.0,86.75,87.33749763803864,1.1451041579215087,59.7755463179647,1.8900000000000006,92.63154294113413,80.86845705886587,2.2433214285714294,92641.8,3052371.0,88.09,88.62,86.17
2024-09-09,87.98,87.98,85.61,86.52,77327.0,86.888,87.2596407201302,0.9404345497634097,52.79819102661532,-5.150000000000006,92.60126287086133,81.17473712913868,2.342964285714287,88332.8,2975044.0,88.06,90.29,91.67
2024-09-10,86.91,87.38,85.56,86.34,76377.0,87.1,87.1720558896416,0.7550046909557864,52.76836154018323,-4.420000000000002,92.36203882839744,81.83796117160254,2.3897500000000003,87529.6,2898667.0,86.52,87.48,90.76
2024-09-11,85.81,87.47,84.1022,86.75,65092.0,87.297,87.13186009062811,0.6338273976849678,50.70754712795366,-3.1099999999999994,92.16289030096611,82.43110969903388,2.474807142857144,84547.35,2963759.0,86.34,88.5,89.86
2024-09-12,87.29,88.185,86.45,88.18,58907.0,87.6035,87.23168293913972,0.6457388927072145,55.56786699291137,-0.8599999999999994,91.80462904623758,83.40237095376241,2.475700000000001,83073.5,3022666.0,86.75,88.09,89.04
2024-09-13,88.88,90.32,88.88,89.69,70276.0,87.9085,87.46580837350736,0.7681682532581817,42.95874817913067,1.0699999999999932,91.75338327110254,84.06361672889747,2.223557142857144,81973.45,3092942.0,88.18,88.06,88.62
2024-09-16,90.27,90.73,89.04,90.0,70653.0,88.171,87.70715995698285,0.8800639829933488,47.17682015895425,-0.29000000000000625,91.81979158078164,84.52220841921837,2.103735714285715,80385.35,3163595.0,89.69,86.52,90.29
2024-09-17,90.86,90.86,88.6,88.82,116658.0,88.3355,87.81314472298449,0.8635713042173876,46.21542935611235,1.3399999999999892,91.77352559617913,84.89747440382087,2.1030214285714286,82270.4,3046937.0,90.0,86.34,87.48
2024-09-18,89.0,91.065,88.265,88.85,295803.0,88.51,87.911892844605,0.8432015837603188,49.266409213148236,0.3499999999999943,91.65382268148417,85.36617731851584,2.1965928571428575,93725.35,3342740.0,88.82,86.75,88.5
2024-09-19,90.64,90.64,89.15,90.18,120639.0,88.6935,88.12790304988071,0.9237301322924907,55.62770557151603,2.0900000000000034,91.77357706670219,85.61342293329781,2.1780214285714288,95614.65,3463379.0,88.85,88.18,88.09
2024-09-20,90.18,91.07,89.46,89.96,228430.0,88.883,88.3023884737016,0.9587456032832335,48.670427020033316,1.8999999999999915,91.76964511154083,85.99635488845917,2.164092857142857,103135.25,3234949.0,90.18,89.69,88.06
2024-09-23,90.49,92.8699,90.13,91.41,120737.0,88.87,88.5983514762062,1.0909230166881372,67.78280534398552,4.890000000000001,91.7056898353113,86.0343101646887,2.1255142857142855,101563.35,3355686.0,89.96,90.0,86.52
2024-09-24,91.15,92.69,89.76,91.13,92959.0,88.8885,88.83946085942466,1.1597124657485836,62.754607092282725,4.789999999999992,91.78037810036159,85.9966218996384,2.1990857142857143,100657.35,3262727.0,91.41,88.82,86.34
2024-09-25,91.59,91.59,87.2,89.26,142266.0,88.8585,88.87951220614612,1.0512174476092895,54.970263316093146,2.510000000000005,91.72023502763685,85.99676497236317,2.4319428571428565,103930.4,3120461.0,91.13,88.85,86.75
2024-09-26,90.53,90.53,89.29,90.29,98911.0,88.921,89.01384437698934,1.0363997844152948,58.7314016583994,2.1099999999999994,91.8531585366745,85.98884146332551,2.277335714285713,105305.6,3219372.0,89.26,90.18,88.18
2024-09-27,91.37,92.42,90.68,91.71,124951.0,89.0755,89.27062110299036,1.1262560336488292,70.51383391405581,2.019999999999996,92.25599632008714,85.89500367991288,2.2323357142857128,108105.5,3344323.0,90.29,89.96,89.69
2024-09-30,91.84,93.24,90.98,92.89,135172.0,89.2055,89.61532385508652,1.277952456447295,73.99267391678403,2.8900000000000006,92.782805513487,85.628194486513,2.263764285714284,109185.3,3479495.0,91.71,91.41,90.0
2024-10-01,92.89,92.89,89.455,90.86,105879.0,89.3745,89.73386444031637,1.2203020474653812,63.45776025616182,2.0400000000000063,92.92785556755246,85.82114443244754,2.268564285714284,108985.15,3373616.0,92.89,91.13,88.82
2024-10-02,90.14,91.01,89.67,91.01,65114.0,89.5,89.85540116028623,1.1731935840460892,60.11436734513214,2.160000000000011,93.10029823325837,85.89970176674163,2.2403499999999985,109378.3,3438730.0,90.86,89.26,88.85
2024-10-03,90.46,91.68,89.23,90.76,115300.0,89.6335,89.94155343073517,1.1029724963647567,54.20267079663495,0.5799999999999983,93.21159873065264,86.05540126934736,2.312492857142856,112092.75,3323430.0,91.01,90.29,90.18
2024-10-04,91.83,92.005,90.09,91.62,117249.0,89.8115,90.10140548495087,1.1039904761394865,56.09939753122052,1.6600000000000108,93.4141263811402,86.20887361885978,2.328564285714284,114935.0,3440679.0,90.76,91.71,89.96
2024-10-07,91.12,91.62,89.0058,89.5,101096.0,89.9605,90.0441287720984,0.9230901414849484,52.390998541949806,-1.9099999999999966,93.2201058851183,86.70089411488169,2.3538642857142844,116123.45,3339583.0,91.62,92.89,91.41
2024-10-08,90.21,90.71,89.335,90.39,63065.0,90.163,90.07706888904141,0.8418367152826107,55.106100744596475,-0.7399999999999949,92.94358002279019,87.3824199772098,2.2520785714285703,115457.85,3402648.0,89.5,90.86,91.13
2024-10-09,90.19,93.32,89.7967,92.93,138366.0,90.47200000000001,90.34877661389461,0.971204125340563,58.4407611529668,3.6700000000000017,93.01937511960487,87.92462488039514,2.3973142857142844,119121.55,3541014.0,90.39,91.01,89.26
2024-10-10,91.98,91.98,88.2,89.28,126011.0,90.52700000000002,90.24698836495227,0.7703244138544107,48.275862034692615,-1.0100000000000051,92.90808422892704,88.14591577107299,2.5523142857142846,122476.75,3415003.0,92.93,90.76,90.29
2024-10-11,89.28,90.83,86.7194,90.59,82305.0,90.572,90.27965613971872,0.7086628232123218,47.90602652345843,-1.1199999999999903,92.92027237727581,88.2237276227242,2.6502214285714274,123078.2,3497308.0,89.28,91.62,91.71
2024-10-14,90.73,92.39,90.433711,92.14,47958.0,90.679,90.4568317454598,0.7759232542071288,52.42206231492045,-0.75,93.11105695916304,88.24694304083697,2.580670642857142,121943.45,3545266.0,90.59,89.5,92.89
2024-10-15,90.84,92.82,90.84,91.24,79384.0,90.8,90.53141919827314,0.7479828710375216,54.97987923693567,0.37999999999999545,93.07858681965787,88.52141318034212,2.408527785714284,120079.75,3465882.0,92.14,90.39,90.86
2024-10-16,91.26,92.84,91.26,91.52,61549.0,90.93350000000001,90.62556975081856,0.7399044184562626,53.21484575300532,0.5099999999999909,93.03719374396626,88.82980625603376,2.4328134999999986,108367.05,3527431.0,91.24,92.93,91.01
2024-10-17,91.71,91.8217,89.36,89.69,60467.0,90.90899999999999,90.53646786978821,0.5791602813269776,44.831115628063706,-1.0700000000000074,93.06051256463242,88.75748743536757,2.4843634999999997,105358.45,3466964.0,91.52,89.28,90.76
2024-10-18,89.84,90.55,89.5,89.88,183136.0,90.905,90.47394712028458,0.4617777205407094,41.886792421217514,-1.740000000000009,93.0642250071636,88.7457749928364,2.3979349285714284,103093.75,3650100.0,89.69,90.59,91.62
2024-10-21,89.7,89.7,88.0,88.62,86350.0,90.7655,90.29738072787653,0.2640360820859655,43.70078736716475,-0.8799999999999955,93.13738332898092,88.39361667101909,2.274006357142857,101374.4,3563750.0,89.88,92.14,89.5
2024-10-22,88.36,88.49,86.7,87.27,81301.0,90.57249999999999,90.00905875379306,-0.0015909689186628384,40.14752367955398,-3.1200000000000045,93.40328471545347,87.74171528454652,2.3061492142857136,100791.5,3482449.0,88.62,91.24,90.39
2024-10-23,86.99,87.66,86.25,86.97,87148.0,90.458,89.71962458676515,-0.23361682404805606,40.04203885651137,-5.960000000000008,93.67167210851302,87.24432789148698,2.231863499999999,98035.6,3395301.0,87.27,91.52,92.93
2024-10-24,87.52,87.52,86.31,86.58,96679.0,90.27250000000001,89.42061272135895,-0.4438522738035715,36.42241376562964,-2.700000000000003,93.92529921501925,86.61970078498076,2.181506357142856,97924.0,3298622.0,86.97,89.69,89.28
2024-10-25,86.77,86.77,84.69,85.64,85853.0,89.969,89.0605543669438,-0.6784942669292633,38.89528190192556,-4.950000000000003,94.0967081700169,85.84129182998309,2.1433492142857125,95969.1,3212769.0,86.58,89.88,90.59
2024-10-28,86.08,88.305,85.71,87.32,182372.0,89.6905,88.89478728437773,-0.7205813639165086,41.55200877370785,-4.820000000000007,93.7392579641927,85.6417420358073,2.2304920714285705,98329.1,3395141.0,85.64,88.62,92.14
2024-10-29,86.94,90.5461,86.68,90.41,126070.0,89.66799999999999,89.03909325729414,-0.49884810527549917,43.26923073687127,-0.8299999999999983,93.69433227378586,85.64166772621412,2.2549777857142845,99338.65,3521211.0,87.32,87.27,91.24
2024-10-30,89.95,90.82,88.0,89.05,104354.0,89.57,89.0401319946947,-0.4279306165351642,49.300060822264086,-2.469999999999999,93.55398900864886,85.58601099135113,2.186406357142855,101300.65,3416857.0,90.41,86.97,91.52
2024-10-31,88.41,89.34,86.615,88.39,191960.0,89.4515,88.97821466186663,-0.4201413519484163,43.0291507856522,-1.2999999999999972,93.42743431588009,85.4755656841199,2.087434928571427,105133.65,3224897.0,89.05,86.58,89.69
2024-11-01,89.25,101.67,89.25,94.88,343645.0,89.61449999999999,89.54028945597457,0.10847008157627158,56.61196907371777,5.0,94.18725904275965,85.04174095724034,2.834842857142856,116453.45,3568542.0,88.39,85.64,89.88
2024-11-04,95.0,97.56,94.2601,96.35,207634.0,89.95700000000001,90.18883331731033,0.638653169589233,62.000939367401934,7.72999999999999,95.4309732514762,84.48302674852381,2.9291214285714284,121780.35,3776176.0,94.88,87.32,88.62
2024-11-05,95.97,98.81,95.97,98.63,211550.0,90.369,90.99275395375696,1.2286410229356193,65.26406178987992,11.36,97.08064549593763,83.65735450406237,3.0191214285714287,129204.6,3987726.0,96.35,90.41,87.27
2024-11-06,101.0,103.96,100.03,101.71,237196.0,90.80799999999999,92.01344405339916,1.92257861717421,74.49062750436559,14.739999999999995,99.1705042836891,82.44549571631089,3.123999999999999,134146.1,4224922.0,98.63,89.05,86.97
2024-11-07,101.77,103.29,101.07,101.07,165567.0,91.3975,92.87597319117066,2.39329805861874,72.38895554167887,14.489999999999995,100.89207656825769,81.9029234317423,3.207571428571429,136123.9,4059355.0,101.71,88.39,86.58
2024-11-08,101.0,104.805,99.8,104.25,178721.0,92.0805,93.95921383963059,2.9884965035249564,79.04124856534457,18.61,103.16299539636755,80.99800460363245,3.443642857142858,140944.7,4238076.0,101.07,94.88,85.64
2024-11-11,105.08,106.489,104.61,105.5,90507.0,92.74849999999999,95.05833633109435,3.5204782309746605,83.99850797553232,18.180000000000007,105.35224259370612,80.14475740629386,3.450000000000002,143072.15,4328583.0,104.25,96.35,87.32
2024-11-12,105.54,105.775,102.865,103.26,107448.0,93.3495,95.83944715670441,3.7184641629551294,78.33043474446521,12.850000000000009,106.7702231352735,79.92877686472652,3.55714285714286,144475.35,4221135.0,105.5,98.63,90.41
2024-11-13,103.2,106.11,102.545,102.57,109023.0,93.902,96.48045218939923,3.77616295111153,77.52151459258859,13.519999999999996,107.90286854448611,79.90113145551389,3.725357142857146,146849.05,4112112.0,103.26,101.71,89.05
2024-11-14,102.7,103.52,101.15,101.52,82559.0,94.49350000000001,96.96040912374215,3.6945746745836487,77.2290808957062,13.129999999999995,108.74249667751278,80.24450332248725,3.746071428571431,147953.65,4029553.0,102.57,101.07,88.39
2024-11-15,101.47,102.44,100.45,102.02,80760.0,95.1005,97.442274921481,3.628434860499368,76.26876336426866,7.140000000000001,109.55482657864368,80.64617342135631,3.702857142857144,142834.85,4110313.0,101.52,104.25,94.88
2024-11-18,101.93,104.61,101.75,103.545,96711.0,95.84675,98.02348683372091,3.6569186544726335,74.8627673273489,7.195000000000007,110.43283431095529,81.26066568904471,3.6309928571428594,143352.9,4207024.0,102.02,105.5,96.35
2024-11-19,102.6,104.82,102.05,103.74,81831.0,96.67025,98.56791665908082,3.6531162861670055,79.0891088670397,5.109999999999999,111.07610059327526,82.26439940672473,3.627421428571431,143379.4,4288855.0,103.545,103.26,98.63
2024-11-20,103.5,104.11,102.51,103.44,97400.0,97.49375,99.03192459631121,3.584574643920007,80.23302526624096,1.730000000000004,111.44050698014193,83.54699301985808,3.547064285714287,143892.0,4191455.0,103.74,102.57,101.71
2024-11-21,104.26,106.985,102.94,105.87,177902.0,98.45824999999999,99.683169872853,3.68387022741328,76.38022078399794,4.800000000000011,111.88546951661428,85.0310304833857,2.948850000000001,147953.15,4369357.0,103.44,101.52,101.07
2024-11-22,106.64,108.09,106.05,107.97,134445.0,99.57475,100.47239178972414,3.887205852914093,77.0736252992064,3.719999999999999,112.20398070332764,86.94551929667234,2.858857142857144,150382.75,4503802.0,105.87,102.02,104.25
2024-11-25,108.29,109.58,107.0315,107.09,169728.0,100.56325000000001,101.1026401907028,3.9320163190141812,71.08673973104615,1.5900000000000034,112.21043546304236,88.91606453695766,2.8380357142857155,149750.55,4334074.0,107.97,103.545,105.5
2024-11-26,106.93,107.86,105.11,105.425,109970.0,101.314,101.51429350587397,3.7894944184489248,59.962456377609314,2.164999999999992,112.11015945359027,90.51784054640972,2.7537500000000015,148945.55,4224104.0,107.09,103.74,103.26
2024-11-27,106.16,106.6,104.83,105.8,86898.0,102.1515,101.92245602912406,3.6645613690777736,62.86724695973115,3.230000000000004,111.4346075218989,92.8683924781011,2.721607142857143,148072.75,4311002.0,105.425,103.44,102.57
2024-11-29,106.19,107.225,105.7,106.99,59820.0,103.0815,102.40507926444558,3.61984674214483,58.35875528877225,5.469999999999999,109.98032682627452,96.18267317372549,2.4730357142857136,141465.75,4370822.0,105.8,105.87,101.52
2024-12-02,106.93,106.93,104.57,105.47,105602.0,103.61099999999999,102.69697647735552,3.4223085387971253,49.90996394365309,3.450000000000003,109.39488923967423,97.82711076032575,2.507392857142857,129563.6,4265220.0,106.99,107.97,102.02
2024-12-03,105.28,105.325,102.7096,105.02,121074.0,104.0445,102.91821681284547,3.192644037156697,55.91795556268649,1.4749999999999943,108.73285612532493,99.35614387467507,2.4863499999999994,125235.6,4144146.0,105.47,107.09,103.545
2024-12-04,105.22,106.7045,104.63,104.97,93009.0,104.3615,103.11362473543161,2.9723354499779617,58.43288820674209,1.230000000000004,108.30686917090325,100.41613082909676,2.379885714285714,119308.55,4051137.0,105.02,105.425,103.74
2024-12-05,104.24,105.0,102.02,102.48,94802.0,104.4,103.05327952253336,2.567223759738809,53.06317799981595,-0.9599999999999937,108.25030825833302,100.54969174166699,2.4234571428571434,112188.85,3956335.0,104.97,105.8,103.44
2024-12-06,102.67,103.29,100.93,101.12,117237.0,104.4025,102.86915766324447,2.1120824211215563,47.27767691095662,-4.75,108.24375870269493,100.56124129730507,2.4498857142857156,109772.35,3839098.0,102.48,106.99,105.87
2024-12-09,101.04,101.71,96.94,97.23,174789.0,104.0515,102.33209502864976,1.4211074986028933,33.289229930349336,-10.739999999999995,109.0577067791659,99.04529322083411,2.5863142857142867,109575.75,3664309.0,101.12,105.47,107.97
2024-12-10,98.1,100.5288,96.64,99.4,196624.0,103.7465,102.05284788306408,1.0366558356765694,39.602299925518366,-7.689999999999998,109.11154878086208,98.38145121913792,2.6662285714285727,114881.6,3860933.0,97.23,105.02,107.09
2024-12-11,100.17,102.6599,99.6326,101.0,148299.0,103.6335,101.95257665610559,0.8512688537748403,44.497068081959455,-4.424999999999997,109.13515534897675,98.13184465102324,2.768178571428573,116924.15,4009232.0,99.4,104.97,105.425
2024-12-12,101.05,102.115,100.06,100.28,148810.0,103.519,101.79328364123839,0.638885675888659,36.339198411107084,-5.519999999999996,109.20604400138257,97.83195599861745,2.6260357142857154,118913.5,3860422.0,101.0,102.48,105.8
2024-12-13,100.85,101.76,99.64,100.69,183716.0,103.47749999999999,101.68820900873949,0.4979144034605696,30.607352134869288,-6.299999999999997,109.23760827748907,97.71739172251091,2.6317500000000007,123971.35,4044138.0,100.28,101.12,106.99
2024-12-16,91.12,94.78,88.77,92.1,827662.0,102.98150000000001,100.77504624600239,-0.3034495781101185,21.69561932387691,-13.370000000000005,110.65925193248778,95.30374806751225,2.879000000000001,161316.45,3216476.0,100.69,97.23,105.47
2024-12-17,91.85,92.1,89.87,90.93,591412.0,102.35075,99.83742279400217,-1.021174069903438,22.108908974041753,-14.08999999999999,111.71997862353021,92.9815213764698,2.841857142857143,186051.5,2625064.0,92.1,99.4,105.02
2024-12-18,91.45,91.89,89.42,90.34,282772.0,101.68075,98.93290633743054,-1.6189220441585377,20.4961831951547,-14.629999999999995,112.4443994862633,90.91710051373671,2.8918571428571433,196098.55,2342292.0,90.93,101.0,104.97
2024-12-19,90.7,92.37,88.36,92.25,225410.0,101.12125,98.29643906719906,-1.9164291801800744,22.622585426570694,-10.230000000000004,112.63691433168222,89.60558566831779,3.069357142857144,202499.05,2567702.0,90.34,100.28,102.48
2024-12-20,91.38,93.6,90.61,92.12,455200.0,100.43375,97.70820677508486,-2.1380495382575617,23.854289058599278,-9.0,112.3890944886412,88.4784055113588,3.1143571428571426,216363.95,2112502.0,92.25,100.69,101.12
2024-12-23,91.44,92.48,90.87,91.38,131373.0,99.60425000000001,97.10552041555297,-2.346349824064575,23.586367144453533,-5.8500000000000085,111.65967170014802,87.54882829985199,3.0425428571428563,216210.35,1981129.0,92.12,92.1,97.23
2024-12-24,91.22,92.63,90.76,92.63,55647.0,98.88125,96.6792803759765,-2.3830939246363414,27.16506290228307,-6.77000000000001,110.77978413129799,86.982715868702,3.027935714285713,210506.3,2036776.0,91.38,90.93,99.4
2024-12-26,92.49,94.34,91.765,94.04,74480.0,98.312,96.42792034016922,-2.2722456396184327,33.73168849374542,-6.959999999999994,109.97947995160187,86.64452004839812,2.9990071428571414,208731.8,2111256.0,92.63,90.34,101.0
2024-12-27,94.06,94.1,91.67,92.84,104605.0,97.664,96.08621364110549,-2.2552306511898763,33.941039547122784,-7.439999999999998,109.01572122353352,86.31227877646648,3.004007142857141,209617.15,2006651.0,94.04,92.25,100.28
2024-12-30,92.16,94.205,91.28,92.95,181252.0,96.962,95.78752662766686,-2.2074242568234865,40.27272724709917,-7.739999999999995,107.59941084445194,86.32458915554807,2.8722214285714265,215688.75,2187903.0,92.84,92.12,100.69
2024-12-31,93.57,93.9301,92.01,92.14,146788.0,96.2955,95.44014313931764,-2.209428657170875,32.41279067568898,0.04000000000000625,106.34239106141693,86.24860893858308,2.731599999999997,217748.05,2041115.0,92.95,91.38,92.1
2025-01-02,92.48,92.845,90.4507,91.47,187120.0,95.61800000000001,95.06203426890643,-2.2392676755949026,25.82445457323479,0.539999999999992,104.99269741265962,86.2433025873404,2.686385714285712,221050.35,1853995.0,92.14,92.63,90.93
2025-01-03,91.92,92.96,91.0501,91.74,221785.0,94.9565,94.74565005282011,-2.2155886424445725,27.829698837506967,1.3999999999999915,103.37053407847056,86.54246592152946,2.6760214285714263,227489.15,2075780.0,91.47,94.04,90.34
2025-01-06,91.96,93.0,91.74,92.72,207263.0,94.46849999999999,94.55273100017058,-2.093611181800398,29.9041855562956,0.46999999999999886,102.145078939248,86.79192106075199,2.614592857142855,233112.2,2283043.0,91.74,92.84,92.25
2025-01-07,92.72,93.23,91.56,92.75,137785.0,94.05,94.38104233348767,-1.9717928159760305,52.88376213483829,0.6299999999999955,101.08562064744231,87.01437935255768,2.3045928571428544,234139.6,2420828.0,92.72,92.95,92.12
2025-01-08,92.67,94.94,92.01,94.9,209349.0,93.93350000000001,94.43046687315551,-1.6823705314586874,66.20408155699121,3.5200000000000102,100.82305662770078,87.04394337229924,2.3545928571428547,235867.6,2630177.0,92.75,92.14,91.38
2025-01-10,94.39,94.39,92.03,93.59,128197.0,93.643,94.35042240904546,-1.5409442910937088,62.52891280837277,0.960000000000008,100.03396434531892,87.25203565468108,2.3467357142857117,232446.25,2501980.0,94.9,91.47,92.63
2025-01-13,93.13,94.66,91.15,94.17,123047.0,93.3015,94.33323932246971,-1.3663118316499947,58.247422610355315,0.12999999999999545,98.68824503807662,87.91475496192339,2.3110214285714252,231183.65,2625027.0,93.59,91.74,94.04
2025-01-14,94.2,96.27,94.2,95.85,93169.0,93.08,94.47769272032974,-1.079903929445976,64.13949955284656,3.009999999999991,97.54377230130241,88.61622769869759,2.2453071428571394,228401.6,2718196.0,94.17,92.72,92.84
2025-01-15,100.85,100.85,96.851,97.76,120565.0,92.93350000000001,94.79029341363167,-0.6908390040218535,72.21448460926163,4.810000000000002,96.43405800062925,89.43294199937077,2.415949999999996,225244.05,2838761.0,95.85,92.75,92.95
2025-01-16,97.65,99.05,96.8,98.23,99715.0,93.24,95.11788451709532,-0.34065037009671073,70.61855662822828,6.090000000000003,97.43737762744172,89.04262237255827,2.443092857142854,188846.7,2938476.0,97.76,94.9,92.14
2025-01-17,99.16,99.19,97.67,99.06,116296.0,93.6465,95.49332408689577,0.0038068259425756423,69.30769223305322,7.590000000000003,98.43501377887819,88.85798622112182,2.3677357142857107,165090.9,3054772.0,98.23,93.59,91.47
2025-01-21,99.41,101.22,99.41,99.65,131468.0,94.112,95.88919798338189,0.3207028419170257,77.48184010615448,7.910000000000011,99.33728508413715,88.88671491586284,2.323449999999997,157525.7,3186240.0,99.06,94.17,91.74
2025-01-22,99.75,100.51,97.865,98.0,130196.0,94.3995,96.09022674686933,0.4337045314478445,68.12634594732452,5.280000000000001,99.82242395396673,88.97657604603327,2.303449999999998,152765.0,3056044.0,99.65,95.85,92.72
2025-01-23,97.45,97.705,95.845,96.31,163998.0,94.60900000000001,96.11115753288178,0.3824813020894169,64.07832539519941,3.5600000000000023,99.9846679878662,89.23333201213381,2.2991571428571413,138204.9,2892046.0,98.0,97.76,92.75
2025-01-24,95.59,97.4807,94.9,96.89,139829.0,94.8845,96.18533300594065,0.38425818732609685,68.41032602189233,1.9899999999999949,100.12649831321696,89.64250168678305,2.3124714285714267,138627.7,3031875.0,96.31,98.23,94.9
2025-01-27,96.57,99.26,96.18,99.06,131016.0,95.20599999999999,96.45911081489868,0.5543767363026433,72.02166058915142,5.469999999999999,100.65060872887172,89.76139127112826,2.3960499999999985,142396.15,3162891.0,96.89,99.06,93.59
2025-01-28,99.06,100.87,98.815,100.26,189169.0,95.517,96.8211002610988,0.7770693118677059,72.38717333649521,6.090000000000003,101.37598895535119,89.6580110446488,2.4528357142857127,148130.6,3352060.0,99.06,99.65,94.17
2025-01-29,99.08,101.8,99.08,99.92,106331.0,95.87100000000001,97.11623356956558,0.9155655541267294,70.9037900295829,4.070000000000007,101.90198281246022,89.8400171875398,2.5278357142857124,148216.9,3245729.0,100.26,98.0,95.85
2025-01-30,100.99,102.57,99.84,100.15,64045.0,96.23100000000001,97.40516370579743,1.0319877888980216,67.23571891390017,2.3900000000000006,102.38612076071034,90.07587923928968,2.513549999999998,142356.55,3309774.0,99.92,96.31,97.76
2025-01-31,99.75,100.7954,96.21,96.93,189647.0,96.47049999999999,97.35991001953101,0.8545751490305804,59.743290499626255,-1.2999999999999972,102.3205795316214,90.62042046837857,2.6725071428571416,144499.5,3120127.0,100.15,96.89,98.23
2025-02-03,95.67,97.325,93.28,95.43,226344.0,96.6685,97.17610906528996,0.586179774216717,53.48837205155941,-3.6299999999999955,102.0557140051071,91.28128599489288,2.710721428571428,146460.7,2893783.0,96.93,99.06,99.06
2025-02-04,95.44,97.93,95.1551,97.46,143398.0,96.95450000000001,97.20314629716711,0.5311557082033715,54.37262353279648,-2.190000000000012,101.82233849145877,92.08666150854125,2.761071428571429,142541.35,3037181.0,95.43,100.26,99.65
2025-02-05,97.66,99.6899,96.9602,98.53,91907.0,97.245,97.32951331648452,0.567348753825911,52.191235018174304,0.5300000000000011,101.72698029540527,92.76301970459474,2.670407142857143,136773.55,3129088.0,97.46,99.92,98.0
2025-02-06,98.4,99.83,97.42,99.83,159466.0,97.599,97.56765490539075,0.6929433194409995,54.3478260456049,3.519999999999996,101.68722648460843,93.51077351539158,2.681835714285714,137857.6,3288554.0,98.53,100.15,96.31
2025-02-07,99.83,101.74,97.98,97.99,190792.0,97.7535,97.60787824773449,0.636666203390817,47.24368878611994,1.0999999999999943,101.6408737583132,93.8661262416868,2.841835714285714,136929.75,3097762.0,99.83,96.93,96.89
2025-02-10,98.36,99.545,98.135,98.44,123561.0,97.99600000000001,97.68712793842644,0.621216426389779,46.86040474021557,-0.6200000000000045,101.35960958995902,94.632390410041,2.813264285714285,136697.95,3221323.0,97.99,95.43,99.06
2025-02-11,98.53,101.77,96.85,96.94,138616.0,98.1345,97.61597289667154,0.4823743911167355,47.22803343822215,-3.3200000000000074,101.03038074048949,95.23861925951051,2.975764285714284,137476.4,3082707.0,98.44,97.46,100.26
2025-02-12,95.59,97.81,94.97,96.32,157211.0,98.158,97.49254690651235,0.31863918523482937,50.027700792222255,-3.6000000000000085,100.98257337253295,95.33342662746705,3.0457642857142844,140678.5,2925496.0,96.94,98.53,99.92
2025-02-13,95.7,98.06,93.27,96.99,325490.0,98.1195,97.4446852963683,0.24017269418504839,50.275633919302145,-3.160000000000011,100.98757087190953,95.25142912809048,3.2035714285714283,150924.75,3250986.0,96.32,99.83,100.15
2025-02-14,96.9,101.29,96.66,98.65,223618.0,98.1405,97.55947717290466,0.3083807402949219,48.83720926354392,1.7199999999999989,101.01811213142554,95.26288786857447,3.3142857142857145,157119.9,3474604.0,96.99,97.99,96.93
2025-02-18,98.05,100.92,97.7901,100.74,180869.0,98.2245,97.8623841088185,0.5250294289531467,51.29589628951712,5.309999999999988,101.30598614179674,95.14301385820328,3.391064285714286,160348.55,3655473.0,98.65,98.44,95.43
2025-02-19,100.58,103.27,99.25,103.15,200135.0,98.3995,98.36596657464531,0.8810359009337532,57.84361336523504,5.690000000000012,102.14733853496793,94.65166146503208,3.4839214285714286,163781.9,3855608.0,100.74,96.94,97.46
2025-02-20,102.16,102.16,99.3,100.92,199771.0,98.5455,98.60920785325052,0.9720263174321389,51.70429390332623,2.3900000000000006,102.45195605982563,94.63904394017437,3.493207142857144,167260.65,3655837.0,103.15,96.32,98.53
2025-02-21,101.69,101.815,99.225,99.54,136099.0,98.707,98.69785472436952,0.9221524122108775,56.289156588527796,-0.28999999999999204,102.48941972120339,94.9245802787966,3.350678571428572,165865.7,3519738.0,100.92,96.99,99.83
2025-02-24,99.61,102.88,99.03,102.03,222866.0,98.964,99.01520189347718,1.071201034476701,65.17939278231316,4.040000000000006,102.92105046986168,95.00694953013831,3.33675,170017.55,3742604.0,99.54,98.65,97.99
2025-02-25,101.52,104.32,101.01,104.0,258228.0,99.211,99.48994457028888,1.332920598537072,65.08302578823051,5.560000000000002,103.76497062145032,94.65702937854968,3.3749714285714276,176378.15,4000832.0,102.03,100.74,98.44
2025-02-26,103.66,105.55,102.98,103.05,219491.0,99.35050000000001,99.8289974683566,1.4469980849258235,60.48237472881477,6.109999999999999,104.20104299727372,94.4999570027263,3.363564285714285,177894.25,3781341.0,104.0,103.15,96.94
2025-02-27,102.26,103.0,99.67,99.91,197816.0,99.35,99.83671199517978,1.2694006958010675,50.17094014092337,3.5900000000000034,104.20029787473554,94.49970212526445,3.4292785714285707,182468.5,3583525.0,103.05,100.92,96.32
2025-02-28,90.0,93.1725,88.0,91.85,442269.0,98.93499999999999,99.07607275754361,0.4728283744548776,39.63538148025337,-5.140000000000001,104.80931698157154,93.06068301842843,3.5301714285714283,201379.7,3141256.0,99.91,99.54,96.99
2025-03-03,92.04,94.52,91.19,92.16,299488.0,98.6965,98.41739916158708,-0.13192576192123795,39.3487109718154,-6.490000000000009,105.2604214049611,92.13257859503891,3.6673142857142857,206871.75,3440744.0,91.85,102.03,98.65
2025-03-04,92.02,93.25,89.7894,90.47,319529.0,98.4485,97.66050400334069,-0.7390473700572642,39.096730685967174,-10.269999999999996,105.8530399302676,91.04396006973239,3.5630714285714284,211531.0,3121215.0,92.16,104.0,100.74
2025-03-05,90.32,92.2677,86.93,87.0,348547.0,97.9255,96.64521790778443,-1.483099372214454,35.6703566882108,-16.150000000000006,106.92900452236186,88.92199547763813,3.7414785714285705,221788.45,2772668.0,90.47,103.05,103.15
2025-03-06,86.31,86.5899,82.31,82.49,470177.0,97.1235,95.29710191656686,-2.408916759976208,30.060506039030614,-18.430000000000007,108.45649658426348,85.79050341573654,3.705042857142856,240701.95,2302491.0,87.0,99.91,100.92
2025-03-07,82.12,82.265,79.01,81.37,454449.0,96.20049999999999,93.9707112578462,-3.1961649497043396,25.879396974809836,-18.17,109.45019826865904,82.95080173134095,3.606828571428569,255451.1,1848042.0,82.49,91.85,99.54
2025-03-10,80.6,82.34,79.92,81.88,283409.0,95.39500000000001,92.81921494757513,-3.7358475490673584,22.45911214034966,-20.150000000000006,110.06887008112977,80.72112991887025,3.556121428571426,260081.95,2131451.0,81.37,92.16,102.03
2025-03-11,82.0,83.27,80.96,82.3,241371.0,94.588,91.81738495256798,-4.08259776168434,17.674418596978512,-21.700000000000003,110.29561612118486,78.88038387881512,3.433978571428569,265972.45,2372822.0,81.88,90.47,104.0
2025-03-12,82.53,84.46,80.93,81.52,220596.0,93.817,90.83668162375199,-4.369965047789549,18.50649349808144,-21.53,110.52070661670106,77.11329338329892,3.4818357142857113,270071.45,2152226.0,82.3,87.0,103.05
2025-03-13,81.15,82.42,78.79,78.82,225594.0,92.942,89.69223575482323,-4.76069480131595,17.745952669724645,-21.090000000000003,110.88136054719024,75.00263945280975,3.556121428571425,273490.6,1926632.0,81.52,82.49,99.91
2025-03-14,79.15,82.2925,79.15,81.91,157761.0,92.188,88.95107044484007,-4.766073442382918,19.254278720367978,-9.939999999999998,110.67040426374237,73.70559573625764,3.505585714285711,265104.15,2084393.0,78.82,81.37,91.85
2025-03-17,82.63,85.51,81.95,85.11,333348.0,91.511,88.58525421199816,-4.460702594872615,22.179675984962728,-7.049999999999997,109.98869967455741,73.03330032544258,3.5234428571428547,270590.65,2417741.0,81.91,81.88,92.16
2025-03-18,84.25,85.39,83.7655,84.91,212543.0,90.7195,88.23523000133167,-4.186572129217851,22.6807228820021,-5.560000000000002,108.88621273452983,72.55278726547016,3.4559071428571406,272174.35,2205198.0,85.11,82.3,90.47
2025-03-19,84.88,86.68,83.96,84.82,222788.0,89.803,87.90997000120484,-3.93126681134909,24.975124366512375,-2.180000000000007,107.1607055238477,72.4452944761523,3.4123357142857134,273307.0,1982410.0,84.91,81.52,87.0
2025-03-20,84.03,86.62,84.03,85.68,146342.0,89.041,87.697591905852,-3.617836527419456,36.557734182492055,3.190000000000012,105.6664451780517,72.41555482194829,3.227871428571428,270635.55,2128752.0,84.82,78.82,82.49
2025-03-21,83.7,84.98,82.52,83.49,1117227.0,88.2385,87.29686886719942,-3.505743438558113,32.54128069047211,2.1199999999999903,104.26893326071686,72.20806673928314,3.1657285714285712,319691.95,1011525.0,85.68,81.91,81.37
2025-03-24,84.81,86.34,84.175,86.07,146580.0,87.4405,87.18002421318043,-3.172157759950977,41.446345234049424,4.189999999999998,102.11156780457024,72.76943219542976,3.0731857142857146,315877.65,1158105.0,83.49,85.11,81.88
2025-03-25,85.94,86.78,84.455,85.08,136794.0,86.4945,86.98002190716325,-2.9536258720399786,45.8691910222819,2.780000000000001,98.94099766844104,74.04800233155896,2.857992857142858,309805.95,1021311.0,86.07,84.91,82.3
2025-03-26,85.0,85.44,84.02,84.52,86816.0,85.56800000000001,86.74573410648104,-2.7934242405194993,55.26179363537247,3.0,95.28498155428413,75.8510184457159,2.653714285714287,303172.2,934495.0,85.08,84.82,81.52
2025-03-27,84.74,85.495,83.74,83.92,97898.0,84.76849999999999,86.47661657253046,-2.6839394951342967,56.792754352951576,5.1000000000000085,91.76823916807155,77.76876083192843,2.5465714285714305,298176.3,836597.0,84.52,85.68,78.82
2025-03-28,83.57,83.965,82.34,83.05,194574.0,84.3285,86.15027213705137,-2.636976352793937,53.05802400717134,1.1400000000000006,90.51279683702226,78.14420316297775,2.4897857142857163,285791.55,642023.0,83.92,83.49,81.91
2025-03-31,82.77,84.7,81.99,83.9,218737.0,83.9155,85.93596050495124,-2.5023245876806186,54.089979511387554,-1.2099999999999937,88.8807708623825,78.95022913761748,2.518357142857145,281754.0,860760.0,83.05,86.07,85.11
2025-04-01,83.56,85.5188,82.07,85.16,195293.0,83.65,85.86205950447969,-2.267798850481526,59.08183628607056,0.25,87.60457363461117,79.69542636538884,2.5125571428571467,275542.2,1056053.0,83.9,85.08,84.91
2025-04-02,83.9,87.365,83.27,86.62,198464.0,83.631,85.93424431357685,-1.941742516773047,70.74468079838161,1.8000000000000114,87.52092707278193,79.74107292721807,2.5457714285714323,268038.05,1254517.0,85.16,84.52,84.82
2025-04-03,83.23,85.3,80.97,81.84,299926.0,83.5985,85.54431628371239,-2.0454676967248275,49.82918493423093,-3.8400000000000034,87.53909720293413,79.65790279706587,2.630592857142861,259525.5,954591.0,86.62,83.92,85.68
2025-04-04,79.26,81.34,77.9375,79.78,283349.0,83.519,84.99533378050168,-2.2677541745021585,36.22739015466755,-3.7099999999999937,87.7053884699148,79.33261153008522,2.619342857142861,250970.5,671242.0,81.84,83.05,83.49
2025-04-07,77.07,82.4,71.42,79.39,363339.0,83.3945,84.46149246807295,-2.447178005529949,35.875127916977945,-6.679999999999993,87.92045078699478,78.86854921300521,3.2875928571428616,254967.0,307903.0,79.78,83.9,86.07
2025-04-08,82.09,87.46,77.01,77.89,189594.0,83.174,83.83563604254219,-2.679522283337704,33.460620502699385,-7.189999999999998,88.31269285037638,78.03530714962363,3.839735714285717,252378.15,118309.0,79.39,85.16,85.08
2025-04-09,77.17,85.44,77.01,83.9,415234.0,83.293,83.84176594325245,-2.3515923325222587,46.59003828918542,-0.6199999999999903,88.38039246620959,78.20560753379043,4.256878571428573,262110.05,533543.0,77.89,86.62,84.52
2025-04-10,82.64,83.605,79.17,81.36,203588.0,83.42,83.60540728199031,-2.270489466982852,45.9735349473108,-2.5600000000000023,88.15160927336275,78.68839072663725,4.397950000000002,261009.75,329955.0,83.9,81.84,83.92
2025-04-11,81.64,83.1599,79.9465,82.82,115814.0,83.46549999999999,83.53060658846742,-2.0646055755547366,43.58468217093622,-0.23000000000000398,88.1532689677201,78.77773103227989,4.472835714285715,258912.4,445769.0,81.36,79.78,83.05
2025-04-14,83.61,84.5,81.65,83.78,143483.0,83.39899999999999,83.55435834194671,-1.8031910671645477,47.43083001327939,-0.12000000000000455,88.0258820921566,78.77211790784337,4.510335714285715,249419.15,589252.0,82.82,79.39,83.9
2025-04-15,83.68,84.73,82.6284,84.63,145216.0,83.385,83.65680040461845,-1.510023676634745,50.21492767866318,-0.5300000000000011,87.99429267321476,78.77570732678525,4.559021428571429,246052.8,734468.0,83.78,77.89,85.16
2025-04-16,83.91,84.92,82.222,84.67,158938.0,83.37750000000001,83.7532956041786,-1.2599349954317915,51.49820212860668,-1.9500000000000028,87.97743993095605,78.77756006904397,4.626378571428572,242860.3,893406.0,84.63,83.9,86.62
2025-04-17,84.47,86.99,83.755,86.28,184020.0,83.4075,83.99393411806635,-0.9212052879886699,56.266977074593036,4.439999999999998,88.07795303786797,78.73704696213203,4.741378571428571,244744.2,1077426.0,84.67,81.36,81.84
2025-04-21,85.585,85.795,83.43,84.72,151679.0,83.46900000000001,84.06308324967908,-0.7697651435476018,51.5483383413264,4.939999999999998,88.17627499671728,78.76172500328273,4.716735714285713,196466.8,925747.0,86.28,82.82,79.78
2025-04-22,85.9,86.42,84.85,86.15,127252.0,83.473,84.26183722590012,-0.5282691313097558,51.85741085455898,6.760000000000005,88.18970759389414,78.75629240610586,4.582535714285713,195500.4,1052999.0,84.72,83.78,79.39
2025-04-23,88.64,90.79,88.1101,89.54,158464.0,83.696,84.76451939486202,-0.06261534244751488,55.108467432767014,11.650000000000006,89.10371923905113,78.28828076094887,4.481457142857143,196583.9,1211463.0,86.15,84.63,77.89
2025-04-24,89.5,92.41,89.5,91.76,137229.0,84.05799999999999,85.4307556429704,0.4800207068599178,69.06225976299493,7.859999999999999,90.55714196765788,77.5588580323421,4.3800285714285705,199104.55,1348692.0,89.54,84.67,83.9
2025-04-25,91.07,92.05,90.23,91.61,106920.0,84.44250000000001,86.01925510554464,0.8877267773217312,74.5333885921415,10.25,91.76501574543121,77.1199842545688,4.2669928571428555,199555.65,1241772.0,91.76,86.28,81.36
2025-04-28,91.65,91.89,89.6304,91.54,141848.0,84.86699999999999,86.545040333588,1.1914540202496937,75.53593942591411,8.720000000000013,92.80787122357843,76.92612877642155,3.6441071428571417,196919.35,1099924.0,91.61,84.72,82.82
2025-04-29,91.98,93.1399,91.52,92.6,139319.0,85.30199999999999,87.12170315896057,1.5003975408314432,81.49892928732396,8.819999999999993,93.94220613789076,76.66179386210922,3.013385714285714,192948.45,1239243.0,91.54,86.15,83.78
2025-04-30,91.85,91.85,88.85,90.74,163521.0,85.58099999999999,87.46630285810718,1.5769726918190514,67.81249995055336,6.109999999999999,94.55578784384831,76.60621215615167,2.6255285714285717,191359.85,1075722.0,92.6,89.54,84.63
2025-05-01,91.88,92.0,88.24,90.24,209772.0,85.762,87.73046449066841,1.5791102295806496,75.8741258122239,5.569999999999993,94.96804972715928,76.55595027284072,2.5773142857142863,191925.25,865950.0,90.74,91.76,84.67
2025-05-02,88.3,88.69,78.565,78.7,602039.0,85.60499999999999,86.8704202534619,0.6422195799114547,42.437591754988034,-7.579999999999998,95.19189566131992,76.01810433868006,3.071000000000001,207030.9,263911.0,90.24,91.61,86.28
2025-05-05,78.83,82.1753,78.0101,80.44,355694.0,85.638,86.25799927694172,0.03967312128276035,44.03997142696074,-4.280000000000001,95.14467931398391,76.1313206860161,3.1649428571428584,210648.15,619605.0,78.7,91.54,84.72
2025-05-06,80.02,82.99,79.73,82.09,192987.0,85.773,85.86104696485204,-0.3012356211902443,45.59333793760214,-4.060000000000002,94.97799658366287,76.56800341633712,3.2476857142857147,202130.55,812592.0,80.44,92.6,86.15
2025-05-07,82.5,83.505,80.71,81.6,247848.0,85.9585,85.45523296819947,-0.6039847998093677,44.75572256144241,-7.940000000000012,94.62860416983392,77.28839583016608,3.2546142857142857,205043.25,564744.0,82.09,90.74,89.54
2025-05-08,82.05,83.28,80.59,81.5,191269.0,85.8385,85.07854411408523,-0.8422756400401994,41.390489892670494,-10.260000000000005,94.69303978119835,76.98396021880164,3.2156857142857143,193845.0,373475.0,81.6,90.24,91.76
2025-05-09,81.39,82.3,80.03,80.26,209089.0,85.7835,84.61963515083902,-1.118289538910048,41.873177821201736,-11.349999999999994,94.76788241441243,76.79911758558758,3.2089,194120.05,164386.0,81.5,78.7,91.61
2025-05-12,81.92,83.9511,81.92,82.46,195917.0,85.7655,84.41395561266387,-1.1462971287492678,43.45976601884305,-9.080000000000013,94.77628529202254,76.75471470797747,3.2418357142857133,198125.2,360303.0,80.26,80.44,91.54
2025-05-13,82.74,84.18,82.33,83.28,195609.0,85.74050000000001,84.30595984002922,-1.0897640765862775,37.79251167983246,-9.319999999999993,94.77721685840216,76.70378314159787,3.182557142857142,200731.5,555912.0,82.46,82.09,92.6
2025-05-14,82.79,84.53,82.35,83.0,234555.0,85.659,84.18158271240739,-1.0553890177510397,31.51898732315331,-7.739999999999995,94.76700665695519,76.55099334304482,3.1304142857142856,205198.45,321357.0,83.28,81.6,90.74
2025-05-15,82.93,83.905,82.4471,83.3,148179.0,85.59049999999999,84.09762245408288,-0.9924981423929466,32.578616333077505,-6.939999999999998,94.75028504689085,76.43071495310913,3.10455,204660.5,469536.0,83.0,81.5,90.24
2025-05-16,83.3,85.27,82.93,84.77,140295.0,85.515,84.16165841083689,-0.8146491871420949,36.59405938565077,6.069999999999993,94.67574807333659,76.35425192666341,3.110292857142856,202474.25,609831.0,83.3,80.26,78.7
2025-05-19,83.6,86.27,83.18,85.96,253580.0,85.577,84.33292903837624,-0.5710963112373975,36.91883370697935,5.519999999999996,94.73187583634696,76.42212416365304,3.2152999999999983,207569.3,863411.0,84.77,82.46,80.44
2025-05-20,85.63,86.095,84.2301,84.75,187698.0,85.507,84.3726500823404,-0.4702945274233059,37.88920337523458,2.6599999999999966,94.66483725329715,76.34916274670286,3.134221428571427,210591.6,675713.0,85.96,83.28,82.09
2025-05-21,83.99,84.5299,81.105,81.5,150662.0,85.105,84.09906436021274,-0.6452185483390735,34.09752545569995,-0.09999999999999432,94.22319811377706,75.98680188622295,3.110285714285712,210201.5,525051.0,84.75,83.0,81.6
2025-05-22,81.02,81.59,79.1,79.12,220289.0,84.473,83.62486775447819,-0.9647719146025366,51.146288170521395,-2.3799999999999955,93.39918879005883,75.54681120994117,2.56492857142857,214354.5,304762.0,81.5,83.3,81.5
2025-05-23,78.52,81.475,78.35,81.4,205755.0,83.9625,83.41297558738503,-1.0222593449844197,52.54506888994536,1.1400000000000006,92.31977700554141,75.6052229944586,2.49062857142857,219296.25,510517.0,79.12,84.77,80.26
2025-05-27,82.37,83.67,81.79,82.68,227711.0,83.51950000000001,83.34316838858646,-0.9535414132894999,51.59545696471951,0.22000000000001307,91.08758666635475,75.95141333364526,2.3920571428571415,223589.4,738228.0,81.4,85.96,82.46
2025-05-28,82.2,82.59,80.54,81.01,165768.0,82.94000000000001,83.12096187538775,-1.0220553823229608,48.500254159684644,-2.269999999999996,89.2509995871856,76.62900041281442,2.3388428571428554,224911.85,572460.0,82.68,84.75,83.28
2025-05-29,81.51,82.67,80.605,81.07,219640.0,82.4565,82.92563217296987,-1.059300738319834,48.904737611580906,-1.9300000000000068,87.63068399363449,77.28231600636552,2.2941999999999987,227717.8,792100.0,81.01,81.5,83.0
2025-05-30,80.88,82.78,80.37,82.2,166962.0,82.0545,82.85652434697273,-0.9862673193621845,54.96926225565729,-1.0999999999999943,85.70844365179731,78.4005563482027,2.3041999999999985,225577.3,959062.0,81.07,79.12,83.3
2025-06-02,81.73,82.165,79.3825,80.4,172916.0,82.1395,82.62256964726105,-1.061397634203189,44.6129706786307,-4.36999999999999,85.53481860375962,78.74418139624038,2.3578714285714284,204121.15,786146.0,82.2,81.4,84.77
2025-06-03,80.61,83.0,80.58,82.86,180817.0,82.26050000000001,82.64518206180762,-0.911925400711624,48.98843927332186,-3.0999999999999943,85.57226197339189,78.94873802660813,2.3985857142857134,195377.3,966963.0,80.4,82.68,85.96
2025-06-04,82.45,82.98,82.215,82.55,101781.0,82.2835,82.63611710354023,-0.8091545579394932,48.917748884807665,-2.200000000000003,85.59666528572146,78.97033471427855,2.2975142857142847,190817.0,865182.0,82.86,81.01,84.75
2025-06-05,82.52,83.915,81.925,83.4,119039.0,82.3735,82.70886785558402,-0.6516086890104447,50.23430174773759,1.9000000000000057,85.70622308448785,79.04077691551217,2.3355214285714285,184376.55,984221.0,82.55,81.07,81.5
2025-06-06,84.51,85.0,82.9801,84.13,95034.0,82.505,82.84421377409983,-0.46251595763855846,48.44660190882269,5.009999999999991,85.89957461872449,79.1104253812755,2.312657142857144,179564.8,1079255.0,83.4,82.2,79.12
2025-06-09,84.5,84.5,82.355,83.32,97071.0,82.65799999999999,82.88952674799508,-0.37371092926871086,43.47181005892159,1.9199999999999875,85.89888746779805,79.41711253220193,2.2451571428571446,173963.9,982184.0,84.13,80.4,81.4
2025-06-10,83.44,84.27,82.93,83.63,110343.0,82.7165,82.96004801009079,-0.2751461813519285,47.101449241230824,0.9499999999999886,85.98446427861427,79.44853572138572,2.2076642857142863,169685.2,1092527.0,83.32,82.86,82.68
2025-06-11,83.68,84.46,82.986,83.14,146477.0,82.70949999999999,82.97718629484405,-0.23387583832479208,54.9516907747993,2.1299999999999955,85.9729787702992,79.44602122970078,2.068314285714286,167228.6,946050.0,83.63,82.55,81.01
2025-06-12,82.58,83.27,80.945,81.37,103908.0,82.628,82.82412093343032,-0.3400728534650739,57.05329148597204,0.30000000000001137,85.9419551818562,79.3140448181438,2.0565285714285713,160696.25,842142.0,83.14,83.4,81.07
2025-06-13,80.87,82.989,80.69,81.13,229261.0,82.5195,82.66277608262743,-0.4385454681366525,49.02947514835275,-1.0700000000000074,85.8825467076563,79.15645329234368,1.9975285714285715,164750.35,612881.0,81.37,84.13,82.2
2025-06-16,82.01,83.15,81.04,82.1,144522.0,82.386,82.60917836047244,-0.4333197905359043,47.86764700954797,1.6999999999999886,85.58065606418036,79.19134393581963,2.0139571428571434,164961.7,757403.0,81.13,83.32,80.4
2025-06-17,81.31,82.81,81.01,81.01,164215.0,82.1385,82.45687565947506,-0.5112390483639473,49.999999946236564,-1.8499999999999943,84.90569333393096,79.37130666606903,1.9961000000000004,160493.45,593188.0,82.1,83.63,82.86
2025-06-18,80.84,82.3,80.04,81.69,158431.0,81.9855,82.38383988238219,-0.5122157996724042,52.27272721907493,-0.8599999999999994,84.46851578094153,79.50248421905847,2.0100285714285713,159030.1,751619.0,81.01,83.14,82.55
2025-06-20,82.39,82.53,81.08,81.78,467754.0,81.9995,82.32633132215531,-0.4999643563992606,48.33333327962961,-1.6200000000000045,84.47413319982331,79.52486680017668,1.9414571428571432,174884.7,1219373.0,81.69,81.37,83.4
2025-06-23,81.78,83.38,80.69,83.38,120669.0,82.2125,82.42668072004528,-0.35703272014367826,62.01612896223984,-0.75,84.35455877357677,80.07044122642324,1.9348499999999993,169903.7,1340042.0,81.78,81.13,84.13
2025-06-24,83.54,84.83,82.3,84.8,132835.0,82.3825,82.65271112766001,-0.12770414222100612,58.53873232222339,1.480000000000004,84.77775737546516,79.98724262453483,1.942707142857142,166257.7,1472877.0,83.38,82.1,83.32
2025-06-25,84.62,85.39,83.885,84.54,164292.0,82.4755,82.83245292502572,0.03268382215968302,58.797524241983666,0.9100000000000108,85.05661746505353,79.89438253494646,1.9955642857142846,163086.75,1308585.0,84.8,81.01,83.63
2025-06-26,84.65,84.65,80.86,82.4,165878.0,82.54499999999999,82.79126693216612,-0.012740807709107571,46.03174598059964,-0.7399999999999949,85.03314875168458,80.0568512483154,2.124135714285713,163092.25,1142707.0,84.54,81.69,83.14
2025-06-27,82.37,83.33,81.885,82.57,230472.0,82.61999999999999,82.77019389100745,-0.034623457233564636,43.52159463377885,1.1999999999999886,85.0094152554843,80.23058474451568,2.0830714285714262,163633.85,1373179.0,82.4,81.78,81.37
2025-06-30,82.92,83.72,82.3538,83.05,126127.0,82.6625,82.79684209186388,-0.013082815610474086,48.847139138867654,1.9200000000000017,85.05069795529336,80.27430204470663,2.0274428571428547,161592.1,1499306.0,82.57,83.38,81.13
2025-07-01,82.92,84.98,82.64,83.69,108025.0,82.827,82.88190474978161,0.05499697843166018,50.24916937678669,1.5900000000000034,85.00281055676511,80.65118944323488,2.098871428571427,158347.55,1607331.0,83.05,84.8,82.1
2025-07-02,83.55,84.405,82.06,83.845,122853.0,82.87625,82.97362810694527,0.12007377457943846,53.01153346927283,2.8349999999999937,85.09928461392754,80.65321538607246,2.1610857142857136,155449.35,1730184.0,83.69,84.54,81.01
2025-07-03,84.4,84.58,83.15,84.39,75102.0,82.96825,83.10852066818858,0.21316728979969923,64.40839686052314,2.700000000000003,85.28476570251165,80.65173429748835,2.0971571428571414,154115.4,1805286.0,83.845,82.4,81.69
2025-07-07,84.04,84.63,82.7566,82.98,109194.0,82.94725,83.09628060455157,0.17119591523098165,57.939914093462825,1.2000000000000028,85.25488372766036,80.63961627233964,2.06675714285714,153623.15,1696092.0,84.39,82.57,81.78
2025-07-08,83.02,84.72,82.78,83.91,128206.0,82.93625,83.17377768983236,0.2105494432442896,57.79500423693975,0.5300000000000011,85.22214007194916,80.65035992805085,2.054614285714283,155281.75,1824298.0,82.98,83.05,83.38
2025-07-09,84.68,84.68,83.33,84.55,95480.0,82.99775000000001,83.3048464812769,0.2900366866365687,65.86021497114311,-0.25,85.39078479420982,80.6047152057902,2.0224714285714263,155202.2,1919778.0,83.91,83.69,84.8
2025-07-10,84.78,86.94,84.745,85.75,113383.0,83.10375,83.53771824496481,0.4447342512699777,67.38013690553754,1.2099999999999937,85.78514177333119,80.42235822666882,2.0178285714285695,155354.2,2033161.0,84.55,83.845,84.54
2025-07-11,85.5,85.5,82.77,83.685,84551.0,83.131,83.55174507877769,0.39613850559791786,56.975466803540364,1.2849999999999966,85.82499058334301,80.43700941665699,2.109257142857141,152257.9,1948610.0,85.75,84.39,82.4
2025-07-14,83.72,84.9499,83.3,84.09,73227.0,83.267,83.60300745222743,0.38585820906742185,52.84911711557888,1.5200000000000102,85.85938439319635,80.67461560680364,2.0349642857142842,150723.85,2021837.0,83.685,82.98,82.57
2025-07-15,84.03,84.785,81.91,82.23,135033.0,83.322,83.47224483772958,0.22503053276497553,40.03875964646957,-0.8199999999999932,85.76590843139333,80.87809156860668,2.0596071428571414,146012.45,1886804.0,84.09,83.91,83.05
2025-07-16,82.84,83.78,81.87,82.61,103948.0,83.3475,83.39012628175533,0.12677488286686867,42.58832560704784,-1.0799999999999983,85.74797911883914,80.94702088116085,2.0885357142857126,143983.75,1990752.0,82.23,84.55,83.69
2025-07-17,82.5,83.275,81.56,82.1,135425.0,83.402,83.26725711206434,0.007665471888401498,48.68305525183816,-1.7450000000000045,85.6217140640854,81.1822859359146,1.9403214285714268,142544.25,1855327.0,82.61,85.75,83.845
